Optimizing ARP for b =  10.0
Optimizing Delta, T, and phases
0.7193807501382475
0.7076680399547343
0.7269695348656997
0.7400912070934949
0.7584561188437566
[0.486 0.215]
0.7669265084644804
0.7937986181217831
[0.459  0.2375]
0.8343202946423031
0.8995576139889905
[0.3375  0.25875]
0.9389338635925059
0.9927503103382818
[0.22275  0.314375]
0.7964912487390274
0.9838390986291132
[0.22275  0.314375]
0.756953515558649
0.9669092425184316
[0.22275  0.314375]
0.8879625355400814
0.9873352610055315
[0.22275  0.314375]
0.9767523619759512
0.9909749500874653
[0.22275  0.314375]
0.9813155297148743
0.9910181282445206
[0.22275  0.314375]
0.9908320262890218
0.9919648211117591
[0.22275  0.314375]
0.9912910288519186
0.9923024857199816
[0.22275  0.314375]
0.9922651302841341
0.9925355461404605
[0.22275  0.314375]
0.9928537398928777
0.9927667592323492
[0.22657716 0.31665812]
0.9926410413285555
0.9927905465262185
[0.22657716 0.31665812]
0.992788699586135
0.9928301702647246
[0.22657716 0.31665812]
0.9928322824439445
[0.22657716 0.31665812]
0.9927793700839406
0.9928504018247382
[0.22657716 0.31665812]
0.9928285231100054
0.9928483918707436
[0.22657716 0.31665812]
0.992848769087572
0.9928533954554799
[0.22657716 0.31665812]
0.9928452631458025
0.9928540748053623
[0.22744194 0.31668744]
0.9928535439924306
0.9928546132683249
[0.2269916  0.31682462]
0.9928522558862315
0.9928547788297626
[0.22689696 0.31670707]
0.9928515000642393
0.9928548926713465
[0.22719311 0.31672664]
0.9928547911281962
[0.22719311 0.31672664]
0.9928540174485107
0.9928549437963216
[0.22702138 0.31668747]
0.9928548448651839
0.9928549317315067
[0.22702138 0.31668747]
0.9928548252358769
0.9928549380929867
[0.22702138 0.31668747]
0.9928549359911526
0.9928549515844678
[0.22705757 0.31668073]
0.9928549515844678
Phase:  [ 1.60773897 -1.39485412 -1.39470828]
Final Fidelity:  0.9928549515844678
Final Params:  [0.22705757 0.31668073]
