Optimizing ARP for b =  50.0
Optimizing Delta, T, and phases
0.8775562941031436
0.8618016327477029
0.889198099147541
0.9049732360153101
0.925793917666359
[0.486 0.215]
0.9358450913584231
0.9598721256029445
[0.459  0.2375]
0.9804646213512757
0.9699666755121071
[0.405  0.2425]
0.9820051427424463
0.9237046960766316
[0.378 0.265]
0.9502620896051441
0.9770532258225906
[0.378 0.265]
0.977219416656563
0.9829185311781098
[0.374625  0.2578125]
0.958736305012726
0.9842297792752229
[0.39065625 0.25195312]
0.9834554204775631
[0.39065625 0.25195312]
0.9794490118463954
0.984144092394101
[0.39065625 0.25195312]
0.983989356254745
0.9842782596229469
[0.38569922 0.25639648]
0.9844355041630077
0.9843424520096478
[0.39455859 0.25526367]
0.9844055409124716
[0.39455859 0.25526367]
0.9846299978574177
0.9845643458145861
[0.39846094 0.25857422]
0.9838380409142005
0.9845767829974853
[0.39846094 0.25857422]
0.9847321842702574
0.9847570789291298
[0.39815771 0.26480347]
0.9849584192093218
0.9851417288628636
[0.40881665 0.26844055]
0.9850262972248427
[0.40881665 0.26844055]
0.9855383703425711
0.985900144514228
[0.42967969 0.28505859]
0.9855974706121191
[0.42967969 0.28505859]
0.986375629212333
0.9867918170274573
[0.4718606  0.30895081]
0.9872044187497325
0.9878486256665225
[0.4923446  0.33335541]
0.9880557515753053
0.9873357319728735
[0.53452551 0.35724762]
0.9891165949578236
0.9896107215787372
[0.59658398 0.41800293]
0.9863967461330708
0.9886575049976818
[0.59658398 0.41800293]
0.9900946764741473
0.9866360389047213
[0.59100815 0.42124565]
0.9647091162610784
0.9894296982914316
[0.59100815 0.42124565]
0.9874777556017795
0.9897337548503178
[0.59100815 0.42124565]
0.9899362406792107
[0.59100815 0.42124565]
0.9900951329612407
0.989619083967058
[0.58543231 0.42448837]
0.9897153514387728
0.9900813090255691
[0.58543231 0.42448837]
0.9900862531212262
0.9901477810772398
[0.59227313 0.42656288]
0.9898779518461698
0.9901550181580104
[0.58993043 0.42338564]
0.9900468716732463
0.9901470449972598
[0.58993043 0.42338564]
0.9901220242175258
0.9901567334250059
[0.58968441 0.42485279]
0.990152736876839
0.9901576327876278
[0.58857457 0.42289738]
0.9901520896480764
0.9901583265909222
[0.58952996 0.42363036]
0.990148075724548
0.9901589902628586
[0.58936834 0.42405833]
0.9901578661712805
0.990158742594645
[0.58936834 0.42405833]
0.9901574582244342
0.990158910149794
[0.58936834 0.42405833]
0.9901589823982698
[0.58936834 0.42405833]
0.9901585956580962
0.9901590582423474
[0.58939657 0.42388162]
0.9901588569894618
0.9901590502142775
[0.58939657 0.42388162]
0.9901588954303584
0.9901590564212938
[0.58939657 0.42388162]
0.9901590492689409
0.9901590610035617
[0.58929457 0.42386334]
0.9901590156339405
0.9901590721209802
[0.58934213 0.42391226]
0.9901590721209802
Phase:  [-1.11703719  2.18426287  2.18461281]
Final Fidelity:  0.9901590721209802
Final Params:  [0.58934213 0.42391226]
