Optimizing ARP for b =  130.0
Optimizing Delta, T, and phases
0.9239821150056803
0.91023444678208
0.934689463492823
0.9470807544301019
0.9621945148613302
[0.486 0.215]
0.9691608346781492
0.9804840774476615
[0.459  0.2375]
0.9761111328841143
[0.459  0.2375]
0.9421216442818788
0.9771628478810968
[0.459  0.2375]
0.9579600009698788
0.9814201125131312
[0.432  0.2375]
0.9805213415606289
[0.432  0.2375]
0.9738161172875416
0.9817319453250988
[0.4455 0.24  ]
0.9799804154796237
0.9814419362728605
[0.4455 0.24  ]
0.9820867131084163
0.9823855051453346
[0.4573125 0.2496875]
0.9817186494086058
0.9820164032464307
[0.4573125 0.2496875]
0.9827455125165638
0.9832037696770952
[0.48410156 0.26308594]
0.9833856179069662
0.98375524105667
[0.49327734 0.27775391]
0.9847143250175626
0.9856960380122824
[0.55144336 0.31188477]
0.9859415003638466
0.9869756451164191
[0.59887793 0.35828613]
0.9884512439563033
0.9862788824004811
[0.65704395 0.39241699]
0.9889358437895004
0.9350529240185381
[0.70447852 0.43881836]
0.9752871587710044
0.9882514763609563
[0.70447852 0.43881836]
0.9880640810318227
0.9887418853053032
[0.70447852 0.43881836]
0.987952261063195
0.9888678145837363
[0.70447852 0.43881836]
0.9884489936652867
0.9890141261268381
[0.67369338 0.41190556]
0.9884509499162799
0.9890920954642067
[0.67940008 0.41579812]
0.988408859989574
0.9892269628466906
[0.69051262 0.4263351 ]
0.9891989708202483
[0.69051262 0.4263351 ]
0.9887947681135311
0.989191244237192
[0.69051262 0.4263351 ]
0.9891209776683162
0.9892175848843712
[0.69051262 0.4263351 ]
0.9891881386230422
0.9892197733072506
[0.69051262 0.4263351 ]
0.9892205074562667
[0.69051262 0.4263351 ]
0.9892307863887795
0.9892315612318672
[0.6901229  0.42727057]
0.9892203530032129
0.9892284512574157
[0.6901229  0.42727057]
0.9892271088267692
0.9892301597176998
[0.6901229  0.42727057]
0.9892278956387233
0.9892306258843296
[0.6901229  0.42727057]
0.9892313111433065
[0.6901229  0.42727057]
0.9892298301199993
0.9892314815247171
[0.6901229  0.42727057]
0.9892310158751022
0.9892316116287252
[0.69029846 0.42712402]
0.9892312509875846
0.9892316418116247
[0.69049416 0.42733613]
0.9892312092961421
0.9892316625300094
[0.69025961 0.42725032]
0.9892315994737142
0.9892316554289271
[0.69025961 0.42725032]
0.9892316219291567
0.9892316672437013
[0.6903964 0.4272828]
0.9892316544404779
0.9892316704823568
[0.69033284 0.42723759]
0.9892316704823568
Phase:  [3.58839285 0.61176844 0.61180676]
Final Fidelity:  0.9892316704823568
Final Params:  [0.69033284 0.42723759]
