Optimizing ARP for b =  110.0
Optimizing Delta, T, and phases
0.9184569974610306
0.9043177028727052
0.9293951534464291
0.9423801099390234
0.9584692152950876
[0.486 0.215]
0.965984680232823
0.9793520997875772
[0.459  0.2375]
0.9786790836827486
[0.459  0.2375]
0.9497736326625001
0.9752488958768664
[0.459  0.2375]
0.9747960493305156
0.980073572888789
[0.4455  0.23375]
0.9638943548284169
0.9818423970092117
[0.428625  0.2390625]
0.981271283261165
[0.428625  0.2390625]
0.9776941925924133
0.9814432976753859
[0.428625  0.2390625]
0.9812473316332607
0.9816274879309013
[0.428625  0.2390625]
0.9812172601074607
0.9816871188947731
[0.428625  0.2390625]
0.9818711029675311
0.9818829739106437
[0.44133398 0.24087402]
0.9821670884643586
0.982394860322704
[0.44536816 0.24676025]
0.9822019767016883
[0.44536816 0.24676025]
0.9828151274948633
0.9832362866963295
[0.4725  0.26125]
0.9831137012056272
[0.4725  0.26125]
0.9840180537028769
0.9847221817202602
[0.5077002  0.28751221]
0.9844983706072411
[0.5077002  0.28751221]
0.9857535138396175
0.9863724756465211
[0.59716406 0.34275391]
0.9869016070237888
0.9877530967320887
[0.61647803 0.36675171]
0.9864454001803555
[0.61647803 0.36675171]
0.9863735751421239
0.987887559478172
[0.69323291 0.42018188]
0.9877550697220625
[0.69323291 0.42018188]
0.9888215731112796
0.9877649855578405
[0.68052393 0.41837036]
0.9718365828681497
0.988511813044576
[0.68052393 0.41837036]
0.9885081989891468
0.9887519049815677
[0.68052393 0.41837036]
0.9890891432510794
0.9886047101173665
[0.68296948 0.42403015]
0.9874669840849659
0.9889494816210415
[0.68296948 0.42403015]
0.9891627270349903
0.9891446912770824
[0.66720355 0.41514389]
0.9892228734523284
0.988866391582691
[0.68541504 0.42968994]
0.9892812293080138
0.9891802436790492
[0.66964911 0.42080368]
0.9891704748389106
0.9892892092709823
[0.68269633 0.43029827]
0.9892505071645756
0.9893056338828428
[0.67155156 0.42348149]
0.9892515466716607
0.9893136987007295
[0.67338653 0.42384678]
0.9891822724954967
0.9893232793706244
[0.67758269 0.4269812 ]
0.9893104622108936
0.98931990448936
[0.67758269 0.4269812 ]
0.9893001717838001
0.9893211431004636
[0.67758269 0.4269812 ]
0.9893241903385487
0.9893226557567251
[0.67558328 0.42586471]
0.9893243105750716
0.9893197811445703
[0.67771425 0.42758217]
0.9893250038659207
0.9893221590760235
[0.67571484 0.42646568]
0.9893229226095512
0.9893253488305346
[0.67614891 0.42644432]
0.9893209053561007
0.9893255170408768
[0.67682306 0.42701858]
0.9893246433233523
0.989325467679079
[0.67682306 0.42701858]
0.9893254521312052
0.9893255798376943
[0.67661815 0.4269907 ]
0.9893249883515772
0.9893256091787945
[0.67641051 0.4268016 ]
0.9893254584164061
0.9893255850412104
[0.67641051 0.4268016 ]
0.9893255905852076
[0.67641051 0.4268016 ]
0.9893255171455412
0.9893256074563797
[0.67641051 0.4268016 ]
0.9893255907638947
0.989325597010372
[0.67641051 0.4268016 ]
0.9893256019845722
0.9893256047636809
[0.67641051 0.4268016 ]
0.9893256135489101
0.989325597010372
[0.67648645 0.4268534 ]
0.9893256135489101
Phase:  [-2.49171819  0.81465405  0.81473715]
Final Fidelity:  0.9893256135489101
Final Params:  [0.67648645 0.4268534 ]
