Optimizing ARP for b =  90.0
Optimizing Delta, T, and phases
0.9105436112390539
0.895930048473247
0.9217422674945792
0.9354702089079889
0.9527895441821991
[0.486 0.215]
0.960986912052491
0.9769843270253259
[0.459  0.2375]
0.9812168346651324
0.9324478946340594
[0.405  0.2425]
0.9591407658827649
0.9789209737655388
[0.405  0.2425]
0.9467595055272058
0.982215073341007
[0.432  0.2425]
0.9799844330670343
0.9817994434716953
[0.432  0.2425]
0.978384092661968
0.9822286975002507
[0.4168125 0.24125  ]
0.9825095650078985
0.9822634881686598
[0.4235625 0.24625  ]
0.9812986663973372
0.9824391679800907
[0.4235625 0.24625  ]
0.9827667214442284
0.9829690893816088
[0.44085938 0.2515625 ]
0.9830917224873817
0.9833205772261552
[0.44444531 0.26046875]
0.9838222983201572
0.9842620931631517
[0.48083203 0.27554688]
0.9847751158241969
0.9855230996354131
[0.50619727 0.30089844]
0.9858608838211812
0.98554217770615
[0.54258398 0.31597656]
0.9871357838076376
0.9880199329692483
[0.61150781 0.37421875]
0.986517406873586
[0.61150781 0.37421875]
0.9848289103217401
0.9869375775172042
[0.61150781 0.37421875]
0.9868806869225112
0.9873886108769356
[0.61150781 0.37421875]
0.9882337505267644
0.988421731602523
[0.60641235 0.38509277]
0.9892705254543368
0.9886541773457329
[0.64362964 0.41164551]
0.9887800416073848
[0.64362964 0.41164551]
0.9877024568042936
0.9888526608723417
[0.64362964 0.41164551]
0.9885056716285797
0.9890797417200566
[0.64362964 0.41164551]
0.9894672769318944
0.9892029951077578
[0.65599379 0.42500092]
0.9891912906708342
0.9893596576068366
[0.65599379 0.42500092]
0.9893346618658158
0.9894417649535492
[0.65599379 0.42500092]
0.9893731983251025
0.989449667388894
[0.65599379 0.42500092]
0.9894224986367642
0.9894633231404716
[0.65599379 0.42500092]
0.9894518650844103
0.9894650690129217
[0.65599379 0.42500092]
0.9894450275431579
0.9894691026529525
[0.65851043 0.42629584]
0.9894687572211991
[0.65851043 0.42629584]
0.9894655817890593
0.9894696246947717
[0.65699105 0.4257236 ]
0.9894661320140024
0.9894700697022403
[0.65760848 0.42630322]
0.9894660157189248
0.9894701348216711
[0.6579051  0.42615462]
0.9894698092895575
0.9894701571863306
[0.65813965 0.42648158]
0.9894694621395131
0.9894702436269682
[0.65781543 0.42631066]
0.9894699819474453
0.9894702268532507
[0.65781543 0.42631066]
0.989470211465476
0.9894702477969652
[0.65774773 0.42619873]
0.9894701724392394
0.9894702478536046
[0.65786145 0.42626503]
0.9894702154557523
0.9894702504563367
[0.65781001 0.42627127]
0.9894702504563367
Phase:  [-2.21211031  1.09366045  1.09332917]
Final Fidelity:  0.9894702504563367
Final Params:  [0.65781001 0.42627127]
