Optimizing ARP for b =  200.0
Optimizing Delta, T, and phases
0.9346366103442519
0.9218134124296936
0.9447572188955575
0.9557957496784046
0.9687046298760068
[0.486 0.215]
0.9744045868767893
0.9812101643773142
[0.459  0.2375]
0.9689655068080649
[0.459  0.2375]
0.9243470939848479
0.9796403296272365
[0.459  0.2375]
0.965476133260962
0.979035579704538
[0.459  0.2375]
0.9755941244545017
0.980778832187379
[0.459  0.2375]
0.9796634872135814
0.9807228675501292
[0.459  0.2375]
0.98068301073374
0.9809775399883282
[0.459  0.2375]
0.9814540856046525
0.9816445993307972
[0.47334375 0.24390625]
0.9811631099920933
0.9813878791131485
[0.47334375 0.24390625]
0.9816770430063353
0.9816536306719923
[0.48832031 0.24824219]
0.9819964243606804
0.9822816465314539
[0.49454297 0.25455078]
0.9821566352053619
[0.49454297 0.25455078]
0.982786614010189
0.9832674183599431
[0.52945313 0.27367187]
0.9832722878657333
0.9835433247695453
[0.51695508 0.27456055]
0.9845761470126257
0.9854829239607437
[0.58052637 0.31324707]
0.9852083589357086
[0.58052637 0.31324707]
0.9870531160073693
0.9880512521395746
[0.68892188 0.39195312]
0.9869831483590703
[0.68892188 0.39195312]
0.9761432550246407
0.9869017270144023
[0.68892188 0.39195312]
0.987065934573213
[0.68892188 0.39195312]
0.9884182719792278
0.9868580328848968
[0.73999512 0.43152832]
0.9883014482419422
[0.73999512 0.43152832]
0.9890153887768197
0.9870523793974435
[0.72749707 0.43241699]
0.9775480463932316
0.9888219436626738
[0.72749707 0.43241699]
0.9886009754745017
0.988927679822399
[0.72749707 0.43241699]
0.9888540704405979
0.9890465906883718
[0.72140955 0.43149963]
0.988147511700654
0.9890537536451234
[0.71444614 0.42490616]
0.9889488238722325
0.9890630691860053
[0.72271246 0.43030994]
0.9890444147873394
0.9890668068634564
[0.71999442 0.42955384]
0.988982493804432
0.9890703009864971
[0.71789979 0.42741903]
0.9890528539610111
0.9890698834359493
[0.71789979 0.42741903]
0.9890711714695717
0.9890650395332078
[0.71873515 0.42726337]
0.9890609923220964
0.9890722422430267
[0.71957362 0.42836969]
0.9890705767968143
0.9890718532692726
[0.71957362 0.42836969]
0.9890708412367271
0.9890720508792917
[0.71957362 0.42836969]
0.989071998262202
0.989072266334451
[0.71919418 0.42806558]
0.989071233406433
0.9890723270786511
[0.71929515 0.42797278]
0.989072068279657
0.9890723323846868
[0.71940914 0.42819444]
0.9890723475491715
0.9890722357198092
[0.71951012 0.42810164]
0.9890723096690989
0.9890723615616517
[0.71937739 0.42806041]
0.9890722254464083
0.9890723581533406
[0.71937739 0.42806041]
0.9890723323137336
0.9890723341888285
0.9890723682455269
0.9890723626313235
[0.71940192 0.42809907]
0.9890723682455269
Phase:  [3.17760628 0.2023394  0.20203943]
Final Fidelity:  0.9890723682455269
Final Params:  [0.71940192 0.42809907]
