Optimizing ARP for b =  150.0
Optimizing Delta, T, and phases
0.9280445597490109
0.9146209166845388
0.9385522539007389
0.9504625989266686
0.964790019624226
[0.486 0.215]
0.9713085278049229
0.981005581127641
[0.459  0.2375]
0.9737530435258128
[0.459  0.2375]
0.9358456951249162
0.9783111891551625
[0.459  0.2375]
0.9609229203669343
0.9808056950268155
[0.459  0.2375]
0.9791055300778907
0.9809962505158807
[0.459  0.2375]
0.9814725578313225
0.9805235797465788
[0.46575 0.2425 ]
0.977470905889356
0.9816776360837981
[0.4505625 0.24125  ]
0.98198915342484
0.9818953240360953
[0.4573125 0.24625  ]
0.9810842840352527
0.9817871699433329
[0.4573125 0.24625  ]
0.9821515206005165
0.9823366487920275
[0.47460938 0.2515625 ]
0.9825580958184431
0.9828275671646616
[0.47819531 0.26046875]
0.9832501564036635
0.9837137836378883
[0.51458203 0.27554688]
0.9842567337898407
0.9850089477887318
[0.53994727 0.30089844]
0.9855367004762847
0.9856796420552005
[0.62540332 0.34373047]
0.9871048523190413
0.9868827970902949
[0.65076855 0.36908203]
0.9829933490786972
0.9862232602136066
[0.65076855 0.36908203]
0.9872193315258141
0.9868955857030857
[0.61438184 0.35400391]
0.9881549113751629
0.9883246149252063
[0.71969238 0.42732422]
0.9889464447363838
0.9889316507107314
[0.68330566 0.41224609]
0.9619116336514644
0.988261034358343
[0.68330566 0.41224609]
0.9863873540813048
0.9886620423784436
[0.68330566 0.41224609]
0.9877990158303107
0.9887962834543345
[0.68330566 0.41224609]
0.9891185375933673
0.9888994153392059
[0.70418848 0.42646484]
0.9889890942302926
[0.70418848 0.42646484]
0.989045906264341
[0.70418848 0.42646484]
0.9885447951629759
0.9891430278397462
[0.69643652 0.42603516]
0.9890265728104659
0.9891498484181784
[0.70404346 0.43081055]
0.9890059258857126
0.9891625907933709
[0.70221423 0.42744385]
0.9890952223428319
0.9891634928325321
[0.69978268 0.42758118]
0.9891513452345931
0.989162753871027
[0.69978268 0.42758118]
0.9891511009200841
0.9891662693288115
[0.70092178 0.42708309]
0.989162038292576
0.9891657498198605
[0.70092178 0.42708309]
0.9891573954971247
0.9891663207513035
[0.70010031 0.42721081]
0.98916713465083
0.989166518566623
[0.70110799 0.42769609]
0.9891647283107992
0.9891669763221278
[0.70110799 0.42769609]
0.9891662673148591
0.9891669151839331
[0.70110799 0.42769609]
0.9891668933293132
0.9891670728256708
[0.70110799 0.42769609]
0.989166938437077
0.9891671016589123
[0.70110799 0.42769609]
0.9891671033476725
[0.70110799 0.42769609]
0.9891669202970899
0.9891671411705188
[0.70100244 0.42755327]
0.9891671316660972
0.9891671390633336
[0.70100244 0.42755327]
0.9891671224902834
0.9891671479746779
[0.70104763 0.42763393]
0.9891671479746779
Phase:  [3.43737859 0.46151089 0.46168985]
Final Fidelity:  0.9891671479746779
Final Params:  [0.70104763 0.42763393]
