Optimizing ARP for b =  70.0
Optimizing Delta, T, and phases
0.898368252709872
0.8831936042437751
0.9098352755499226
0.9244957462822887
0.9433811773680323
[0.486 0.215]
0.9524264852684756
0.9718834600345262
[0.459  0.2375]
0.9828629598235984
0.9492769314236934
[0.405  0.2425]
0.9703556835175963
0.982726879390961
[0.405  0.2425]
0.9606948162895792
0.9806010404265517
[0.405  0.2425]
0.9771146405555273
0.9827088978101122
[0.405  0.2425]
0.9812311037516808
0.9830989033079203
[0.41175 0.24625]
0.9815263050430182
0.9830739942315203
[0.41175 0.24625]
0.9833452565318929
0.9834709390491284
[0.41765625 0.25703125]
0.9836252949528475
0.9838001652524716
[0.43073438 0.25804687]
0.9842166960582038
0.9845639382410667
[0.44908594 0.28011719]
0.9850473316561157
0.985518810933173
[0.48441797 0.29318359]
0.9864843735666341
0.9875624435415008
[0.53878711 0.34385742]
0.9873095471457174
[0.53878711 0.34385742]
0.988787341622577
0.9792516578132375
[0.62848828 0.40759766]
0.9890062816921033
0.9887693341505917
[0.59315625 0.39453125]
0.9840015457702513
0.9885130050528501
[0.59315625 0.39453125]
0.989316156955101
0.9840015457702513
[0.64683984 0.42966797]
0.9892843166767757
[0.64683984 0.42966797]
0.9870359060531675
0.989445746472428
[0.61116504 0.40883301]
0.9887174659115013
0.9896161908827343
[0.62025513 0.41792603]
0.9882439143443216
0.989645664056235
[0.63127496 0.42152374]
0.9896182701690022
[0.63127496 0.42152374]
0.9891974771100157
0.9896960544448369
[0.62803757 0.42199814]
0.9895607819687298
0.9896825136007764
[0.62803757 0.42199814]
0.9897073318945431
0.9896618744757764
[0.63177326 0.42666325]
0.9896667745353966
0.9897045817757765
[0.63177326 0.42666325]
0.9896756373595466
0.9897077887168637
[0.63007661 0.42397982]
0.9897024225018173
0.9897095183357517
[0.63169149 0.42529065]
0.9896928522669746
0.9897107544121366
[0.63132865 0.42564924]
0.9897069097917999
0.989709923558779
[0.63132865 0.42564924]
0.9897103383765178
[0.63132865 0.42564924]
0.9897086136363439
0.9897106918602351
[0.63132865 0.42564924]
0.9897103179763367
0.9897107287737299
[0.63132865 0.42564924]
0.9897103352461237
0.9897108341235689
[0.63093953 0.42523898]
0.9897106878027083
0.9897108198496203
[0.63093953 0.42523898]
0.9897105408605431
0.9897108488865263
[0.63113554 0.42546681]
0.9897108617044597
0.989710832309981
[0.63112975 0.42537601]
0.9897107938122347
0.9897108593411945
[0.63112975 0.42537601]
0.9897108617044597
Phase:  [-1.79919903  1.50463368  1.50482356]
Final Fidelity:  0.9897108617044597
Final Params:  [0.63112975 0.42537601]
