Optimizing ARP for b =  170.0
Optimizing Delta, T, and phases
0.9311503526247707
0.9179973510962155
0.9414861431132969
0.9530007196928316
0.966683181889568
[0.486 0.215]
0.9728311896377544
0.9812073101169507
[0.459  0.2375]
0.971654582878211
[0.459  0.2375]
0.9306421609796989
0.9790250908974637
[0.459  0.2375]
0.9631101279415547
0.9800983901660977
[0.459  0.2375]
0.9777497565453929
0.9807537054758233
[0.459  0.2375]
0.9777423925051746
0.9811139635477089
[0.459  0.2375]
0.9813933119578224
0.9810942121166336
[0.4505625 0.24125  ]
0.9816202827005865
0.9816102117171643
[0.46575 0.2425 ]
0.9816460393679405
0.9812630949660938
[0.4573125 0.24625  ]
0.9819984632918112
0.9820287710427597
[0.48346875 0.250625  ]
0.9823730622679764
0.982504022240357
[0.47967188 0.2603125 ]
0.982934956895376
0.9828223755807622
[0.50582813 0.2646875 ]
0.9833360630788898
0.9832147408885669
[0.50203125 0.274375  ]
0.9837168715623066
0.9834913484433541
[0.5281875 0.27875  ]
0.984145915477628
0.9841035876769045
[0.52439063 0.2884375 ]
0.984385396097569
0.9840103523523861
[0.55054688 0.2928125 ]
0.984922404041125
0.984980784260665
[0.55603125 0.314375  ]
0.9857606061778836
0.9859979060114376
[0.61108594 0.33390625]
0.9870048720995558
0.9877196213641894
[0.64958203 0.38679687]
0.9879266135270864
0.983354563953504
[0.70463672 0.40632813]
0.9849720064030361
0.9874421250500023
[0.70463672 0.40632813]
0.9891200362253749
0.984972013218683
[0.71012109 0.42789062]
0.9855084115602278
0.9886241049839575
[0.71012109 0.42789062]
0.9879972051952939
0.9887392779304595
[0.71012109 0.42789062]
0.9881872097705268
0.9888703836275691
[0.71012109 0.42789062]
0.9889371855716246
[0.71012109 0.42789062]
0.9886323307716205
0.9890287162380325
[0.71012109 0.42789062]
0.9889929074522185
0.989076908236181
[0.71012109 0.42789062]
0.9890473471973303
0.9891046943705045
[0.71012109 0.42789062]
0.9890585352374978
0.9891082683248638
[0.71012109 0.42789062]
0.989106743877884
0.989115852559751
[0.71012109 0.42789062]
0.9891050109889319
0.9891170982630141
[0.71012109 0.42789062]
0.9891195724919929
[0.71012109 0.42789062]
0.989111061353912
0.9891203004550899
[0.70875765 0.42750041]
0.9891185734153689
0.9891206067181059
[0.7097901  0.42818267]
0.989118260890274
0.9891207246819014
[0.70969748 0.42786608]
0.989119537670895
0.9891207150271557
[0.70969748 0.42786608]
0.9891205567982154
0.9891207444933923
[0.7096321  0.42799845]
0.9891204875089724
0.9891207964566756
[0.70945776 0.42784733]
0.9891205953226717
0.9891207854358552
[0.70945776 0.42784733]
0.9891207796930455
0.9891208004344819
[0.70949317 0.42780714]
0.9891207707340746
0.9891207974081044
[0.70949317 0.42780714]
0.9891208004344819
Phase:  [3.31562827 0.33980323 0.3396685 ]
Final Fidelity:  0.9891208004344819
Final Params:  [0.70949317 0.42780714]
