Optimizing ARP for b =  30.0
Optimizing Delta, T, and phases
0.835446170467591
0.8195837781113611
0.8467034974121789
0.863357965317925
0.8859698046610048
[0.486 0.215]
0.8968483892515395
0.9262225213921272
[0.459  0.2375]
0.960257185572104
0.9863481843575935
[0.3375  0.25875]
0.9729949883513476
[0.3375  0.25875]
0.7505912123920158
0.9735031683151203
[0.3375  0.25875]
0.9438712187101449
0.9861716312418599
[0.3375  0.25875]
0.9605553847865103
0.983538360688179
[0.3375  0.25875]
0.9797404223433851
0.9860302592570207
[0.3375  0.25875]
0.984469356127548
0.9865186296032744
[0.34425 0.2625 ]
0.9850527225235257
0.9865157425317861
[0.34425 0.2625 ]
0.986760563167491
0.986901657186875
[0.35015625 0.27328125]
0.9869211404170871
0.9869410660535983
[0.36323437 0.27429687]
0.9875216205752684
0.9879337894686606
[0.38158594 0.29636719]
0.9877090449942175
[0.38158594 0.29636719]
0.9887603607420695
0.9894429409703966
[0.43790625 0.34203125]
0.9890057444233535
[0.43790625 0.34203125]
0.9905838526128115
0.9906955033967315
[0.53092969 0.43183594]
0.9894781682582028
[0.53092969 0.43183594]
0.8718091368781502
0.9904710484048321
[0.53092969 0.43183594]
0.9904243157634691
0.9908266137020485
[0.49195898 0.3978418 ]
0.9897241317654268
0.9908121324625832
[0.49195898 0.3978418 ]
0.9901098227824713
0.9910394999391048
[0.51334607 0.41563171]
0.9910926938105548
0.9911402408188337
[0.50882574 0.4181839 ]
0.9905843336726092
0.991010099961873
[0.50882574 0.4181839 ]
0.9910853662590482
[0.50882574 0.4181839 ]
0.9909774425112481
0.991128995911152
[0.50882574 0.4181839 ]
0.9910579640585342
0.9911474424548272
[0.51604157 0.42250939]
0.9911263650483406
0.9911521438492951
[0.51323774 0.41965934]
0.9910688241004895
0.9911580991434936
[0.5117327  0.41963413]
0.9911413151411935
0.9911558533482662
[0.5117327  0.41963413]
0.991159145080208
0.9911525216943243
[0.51275836 0.42105285]
0.9911479822374156
0.9911594165575974
[0.51325446 0.42071078]
0.991157531198809
0.9911594906571638
[0.51236956 0.42025797]
0.9911571605738182
0.9911598236493443
[0.51278518 0.42076862]
0.9911581588723894
0.9911598126706631
[0.51278518 0.42076862]
0.9911597696628475
0.991159897188053
[0.51309105 0.4209065 ]
0.9911596212085402
0.9911599047524724
[0.51292702 0.4207248 ]
0.9911597441930395
0.9911598937928369
[0.51292702 0.4207248 ]
0.9911598569955076
0.9911599104569454
[0.51295307 0.42080389]
0.9911598680823807
0.9911599181343749
[0.51301555 0.42083542]
0.991159892350103
0.9911599194701041
[0.51295566 0.42077223]
0.9911599194701041
Phase:  [ 0.24672242 -2.741471   -2.74145423]
Final Fidelity:  0.9911599194701041
Final Params:  [0.51295566 0.42077223]
