Optimizing ARP for b =  10.0
Optimizing Delta, T, and phases
0.828107994457843
0.8374323834154345
0.8165034769744077
0.8466473870225403
0.8578540217832379
[0.34873697 0.24228651]
0.8630250864117576
0.8731079515466069
[0.3852327  0.22882615]
0.8814244924180815
0.8871727698551175
[0.41970089 0.16825452]
0.8876564387175593
0.8859210504536225
[0.45619662 0.15479416]
0.8854323764492811
0.8873873050692423
[0.45619662 0.15479416]
0.8861647231119723
0.887814717087339
[0.4399763  0.15479416]
0.8863518571556092
0.8876904485760427
[0.4399763  0.15479416]
0.8879596436464106
0.8881567513977267
[0.43186614 0.13460362]
0.8881506103818468
[0.43186614 0.13460362]
0.8885213966880234
0.8888663304278084
[0.39131533 0.11441307]
0.8873035600016285
0.8884564629033914
[0.39131533 0.11441307]
0.8891887304511458
0.888102310788778
[0.37306746 0.11609562]
0.8873420048106859
0.8885865945382488
[0.37306746 0.11609562]
0.8881238479931992
0.8885605246278281
0.8890419442730964
0.8886315834903472
[0.37306746 0.11609562]
0.8892608384453518
0.8881623618235039
[0.36977271 0.11041703]
0.8894149652214296
0.8889364433776151
[0.36064877 0.1112583 ]
0.8881824422354253
0.8894271440048125
[0.3691391  0.11346664]
0.8895675267796551
0.8895310833901909
[0.36001517 0.11430792]
0.8892495939143383
0.8895128617806245
[0.36001517 0.11430792]
0.8896366367214574
0.8896561977225409
[0.34566398 0.11338777]
0.8897348042594566
0.8897361121114205
[0.33329282 0.11639795]
0.8895247253397427
0.8896906727825843
[0.33329282 0.11639795]
0.8896158989158138
0.889723280113005
[0.33329282 0.11639795]
0.8897220435713787
0.8897473874656175
[0.33279014 0.11583087]
0.8896357483552066
0.8897491125802945
[0.33831669 0.11527894]
0.8897314829624456
0.8897478665781064
[0.33831669 0.11527894]
0.889745536592004
0.8897504403112649
[0.33458002 0.11572928]
0.8897449900921263
0.8897507240653724
[0.33543573 0.11574027]
0.8897420141252614
0.8897511551636262
[0.33666228 0.11550686]
0.889750518940445
0.8897510584066535
[0.33666228 0.11550686]
0.8897497888541765
0.8897511730088096
[0.33607931 0.11563953]
0.8897512729721072
0.8897510831344934
[0.33595809 0.11557568]
0.8897509224687449
0.8897512565510847
[0.33595809 0.11557568]
0.8897510601207577
0.889751258743797
[0.33595809 0.11557568]
0.8897512272550665
0.8897512837094813
[0.33618834 0.11557328]
0.889751228354155
0.8897512930222613
[0.33609376 0.11558874]
0.8897512599290668
0.8897512846374627
[0.33609376 0.11558874]
0.8897512930222613
Phase:  [-1.28281118  3.39653915  3.39670072  3.39667012]
Final Fidelity:  0.8897512930222613
Final Params:  [0.33609376 0.11558874]
