Optimizing ARP for b =  110.0
Optimizing Delta, T, and phases
0.7433980359784963
0.7731632966685658
0.7187649603216614
0.7924787336507599
0.8196901519267356
[0.75807087 0.35605323]
0.8357163442253023
0.8601674847672632
[0.83740387 0.3362725 ]
0.8771688280645032
0.8892436060303398
[0.91232948 0.24725919]
0.8900921907279241
0.8867793359582125
[0.99166248 0.22747846]
0.8865500787866804
0.8894725514217144
[0.99166248 0.22747846]
0.8872884801243668
0.8904398470556041
[0.95640337 0.22747846]
0.8879795574616529
0.8901393135292935
[0.95640337 0.22747846]
0.8907332177672999
0.8910402741088261
[0.93877381 0.19780735]
0.8911010499779954
0.890656540080704
[0.9035147  0.21758809]
0.892013867874465
0.8926974264430553
[0.85062603 0.16813625]
0.8929836263148223
0.8934543223634955
[0.75366348 0.1829718 ]
0.896413751523398
0.8979825772239989
[0.59940487 0.0914859 ]
0.9029720391298832
0.8638245279243454
[0.50244232 0.10632145]
0.4100506309232054
0.8975407825203595
[0.50244232 0.10632145]
0.8948161015556285
0.8996200780449266
[0.50244232 0.10632145]
0.8970154494908036
0.900198642382726
[0.50244232 0.10632145]
0.9041899952513657
0.8921444788788485
[0.47654891 0.08870423]
0.906268321534469
0.8965568525854287
[0.40327607 0.0927222 ]
0.8847189687739622
0.9036080377880347
[0.40327607 0.0927222 ]
0.9017555813542452
0.9046023341068239
[0.40327607 0.0927222 ]
0.9025285240850545
0.9052398165868182
[0.40327607 0.0927222 ]
0.9063213748042993
0.9031695981787238
[0.40071084 0.08929341]
0.9051317314781183
0.9060976998912054
[0.40071084 0.08929341]
0.9063598144165355
0.9051317312152123
[0.37650033 0.09091846]
0.9041583661072846
0.9065709584350976
[0.39594083 0.09141406]
0.9060958369787384
0.9065057308282201
[0.39594083 0.09141406]
0.9064364199540547
0.9065463293423781
[0.39594083 0.09141406]
0.9064136585604423
0.9065703428416532
[0.39594083 0.09141406]
0.906566954493399
0.9065822560960958
[0.39255518 0.09117009]
0.9065216285799453
0.9065839029483951
[0.39545862 0.09097697]
0.9065638417425368
0.906581736455667
[0.39545862 0.09097697]
0.9065786095164181
0.9065841171224391
[0.39449039 0.09115866]
0.9065812795605369
0.9065842032134438
[0.39376485 0.09111896]
0.9065798400954999
0.9065847142690413
[0.39479312 0.09105789]
0.9065839652747629
0.9065845032327591
[0.39479312 0.09105789]
0.9065845090476474
[0.39479312 0.09105789]
0.9065839604013648
0.9065847032084418
[0.39479312 0.09105789]
0.9065845399641457
0.9065846888008178
[0.39479312 0.09105789]
0.906584687873638
0.9065847293389064
[0.39460737 0.09107798]
0.9065846240347051
0.9065847220680748
[0.39460737 0.09107798]
0.9065846670413518
0.9065847329213632
[0.39472892 0.09106841]
0.90658471228684
0.9065847274969175
[0.39472892 0.09106841]
0.9065847241197422
0.9065847305768715
[0.39472892 0.09106841]
0.9065847207647243
0.9065847317733635
[0.39472892 0.09106841]
0.9065847329213632
Phase:  [2.51132207 1.56947503 1.56922993 1.56931643]
Final Fidelity:  0.9065847329213632
Final Params:  [0.39472892 0.09106841]
