Optimizing ARP for b =  130.0
Optimizing Delta, T, and phases
0.7670182105881581
0.7869134543783596
0.7430167005018521
0.8065991311522942
0.8311068469886717
[0.49319984 0.20404935]
0.8426515782604278
0.8653524697524391
[0.54481378 0.19271327]
0.8844950231079044
0.897914285557392
[0.59356028 0.14170093]
0.8986353388377007
0.8932062070267381
[0.64517421 0.13036486]
0.8924287983796099
0.8975810728394037
[0.64517421 0.13036486]
0.8904504599629188
0.8989634487638193
[0.63800561 0.1218628 ]
0.8963427632571747
0.8989901355470239
[0.6175751  0.13390738]
0.8997215928194348
0.9002756706692295
[0.59302263 0.12292556]
0.898985944210777
0.8995269340267471
[0.59302263 0.12292556]
0.9010488196161338
0.9022384228048803
[0.53780199 0.11411353]
0.9024191648990005
0.902948692495203
[0.51834596 0.09217203]
0.9038655505201982
0.8993516229676689
[0.46312532 0.08336   ]
0.8981946073097421
0.9031594947948499
[0.46312532 0.08336   ]
0.9055449455057053
0.9064682702145677
[0.42939928 0.09210561]
0.8850936595242884
0.9044675731993409
[0.42939928 0.09210561]
0.903453497575327
0.905624654175031
[0.42939928 0.09210561]
0.9052501763632977
0.9064710765874865
[0.42615083 0.08812892]
0.9069580358332803
0.9059161363035996
[0.39657125 0.09194405]
0.906094692382842
0.9068408758587947
[0.39657125 0.09194405]
0.9056930563964967
0.9069086071326453
[0.39657125 0.09194405]
0.9070451830103576
0.9067848910151579
[0.39350436 0.09069124]
0.9064930271819773
0.9070518638969436
[0.40617554 0.09056794]
0.9068846837981102
0.9070510909700701
[0.40617554 0.09056794]
0.9069808478440508
0.9070699484540796
[0.39784746 0.09080931]
0.9070274009525929
0.9070678359027482
[0.39784746 0.09080931]
0.9070356867562767
0.9070678868531451
[0.39784746 0.09080931]
0.907066787670299
0.9070708295654839
[0.40016033 0.09087949]
0.9070626086162037
0.9070711939404054
[0.40079033 0.09078881]
0.9070642842257073
0.9070716063618939
[0.3991614  0.09082173]
0.9070713992838126
[0.3991614  0.09082173]
0.9070700922729377
0.907071697346822
[0.40013337 0.0907826 ]
0.9070712598464037
0.9070716861241607
[0.40013337 0.0907826 ]
0.9070711509233573
0.9070717530097046
[0.39954389 0.09079817]
0.907071701356623
[0.39954389 0.09079817]
0.9070716592835608
0.907071747111265
[0.39954389 0.09079817]
0.9070716951697759
0.9070717522410411
[0.39954389 0.09079817]
0.9070717373265792
0.907071771241905
[0.39981964 0.09079804]
0.9070717371503625
0.9070717660192611
[0.39981964 0.09079804]
0.9070717099176157
0.9070717755265932
[0.39966838 0.09079901]
0.9070717692813647
0.9070717801295306
[0.39973297 0.09079695]
0.9070717801295306
Phase:  [2.4544119  1.52359639 1.52359192 1.52389229]
Final Fidelity:  0.9070717801295306
Final Params:  [0.39973297 0.09079695]
