Optimizing ARP for b =  30.0
Optimizing Delta, T, and phases
0.7860613610095397
0.8021477717173323
0.7660328029199877
0.8184684636085897
0.8385250212713704
[0.40284635 0.21104331]
0.8478165895541521
0.8663587470066265
[0.44500469 0.19931868]
0.8821260135843705
0.8933852453262567
[0.4848209  0.14655785]
0.8943027557932455
0.8905828981991715
[0.52697924 0.13483322]
0.8899168660798595
0.8937243075996185
[0.52697924 0.13483322]
0.8912111633657952
0.894627973745816
[0.5082422  0.13483322]
0.8916612836622688
0.8944270253491545
[0.5082422  0.13483322]
0.8949968340530616
0.8953358755124157
[0.49887368 0.11724628]
0.8953406333464449
0.8951155989779009
[0.48013664 0.12897091]
0.896109020168984
0.8960363048587605
[0.47076812 0.11138397]
0.8962165061665075
0.8958151257566209
[0.45203108 0.1231086 ]
0.8964006989088442
0.8969317323168204
[0.42392552 0.09379702]
0.8965260867801462
[0.42392552 0.09379702]
0.8823116275977202
0.8969333248561027
[0.43329404 0.11138397]
0.8960363171725689
0.8966007789608131
[0.43329404 0.11138397]
0.8963450371381024
0.8965856868903836
0.8965371519402158
0.8967109397158657
[0.43329404 0.11138397]
0.8971186238752136
0.8963135569171253
[0.42978084 0.11651349]
0.8967380374941579
0.89703058296442
[0.42978084 0.11651349]
0.8965279095468135
0.8970794872116705
[0.42978084 0.11651349]
0.8971158807155999
[0.42978084 0.11651349]
0.8971838544271016
0.8971890705723751
[0.42081488 0.11690279]
0.8969174356582001
0.8971699637373288
[0.42081488 0.11690279]
0.8972314234386538
0.897227551762923
[0.4175853  0.11551163]
0.8972010933205761
[0.4175853  0.11551163]
0.8972310854761985
[0.4175853  0.11551163]
0.8971998521618703
0.8972310368218206
[0.4175853  0.11551163]
0.8972282425185523
0.8972378189555054
[0.41278896 0.11610273]
0.8972101759882415
0.8972388757389742
[0.41190323 0.11585405]
0.8972205341712594
0.8972381697379962
[0.41190323 0.11585405]
0.8972381667038636
0.897239177579314
[0.41375722 0.11564793]
0.8972369151101444
0.8972392857678886
[0.41389796 0.115748  ]
0.8972364204222418
0.8972394902888313
[0.41286541 0.11577601]
0.8972393661514638
[0.41286541 0.11577601]
0.8972388432390971
0.8972394855572688
[0.41286541 0.11577601]
0.8972393906763964
0.8972394994169751
[0.41320863 0.11573424]
0.8972393521557105
0.8972395149164969
[0.41322695 0.11577107]
0.8972394269188448
0.8972395135211015
[0.41322695 0.11577107]
0.8972395025943699
0.8972395219022234
[0.41309709 0.11578444]
0.8972395035038322
0.8972395083216216
0.8972395154932422
0.8972394965761548
[0.41309709 0.11578444]
0.8972395219022234
Phase:  [-2.37568477  2.72457952  2.72431348  2.72454302]
Final Fidelity:  0.8972395219022234
Final Params:  [0.41309709 0.11578444]
