Optimizing ARP for b =  170.0
Optimizing Delta, T, and phases
0.6804741024984636
0.6794066448894167
0.6800188422289198
0.6766113453827647
0.6808343235468742
[0.36424119 0.29679592]
0.6770060360643144
0.6808230691136956
[0.36424119 0.29679592]
0.681419032958115
0.6817510907386333
[0.37201463 0.31099449]
0.6817284608421541
[0.37201463 0.31099449]
0.6826314565372861
0.6830929953642884
[0.39755594 0.33252135]
0.5056326100850428
0.6823305814069696
[0.39755594 0.33252135]
0.6837867022025411
0.5050752798642293
[0.40727274 0.33561297]
0.5053444786837198
0.6829608448780918
[0.40727274 0.33561297]
0.5054290414026338
0.6832277525918592
[0.40727274 0.33561297]
0.6837510144559131
[0.40727274 0.33561297]
0.6842409964895564
0.6845852074325068
[0.4268625  0.34352095]
0.6847631946016446
0.5046874785449552
[0.42717483 0.3469704 ]
0.5043250720394277
0.6842937321842394
[0.42717483 0.3469704 ]
0.6849726331381992
0.5043272833646321
[0.43689163 0.35006202]
0.504624203082583
0.6847459481589881
[0.43689163 0.35006202]
0.5047410575544238
0.6848239082295284
[0.43689163 0.35006202]
0.6848921871104335
[0.43689163 0.35006202]
0.6849204735339297
[0.43689163 0.35006202]
0.6850650750910942
0.504405708357838
[0.44304271 0.35285665]
0.5047891492497323
0.6849927672720851
[0.44304271 0.35285665]
0.6850100690072887
[0.44304271 0.35285665]
0.5042468672481626
0.6850223494370531
[0.44304271 0.35285665]
0.6850146873389155
0.6850383423752566
[0.44304271 0.35285665]
0.6850588111817184
[0.44304271 0.35285665]
0.5045060952224247
0.6850524252664443
[0.44304271 0.35285665]
0.685080073179444
0.5045047612426735
[0.44127479 0.3524152 ]
0.6850710296657827
[0.44127479 0.3524152 ]
0.504446437961364
0.6850725359934063
[0.44127479 0.3524152 ]
0.6850651190523943
0.6850766591806613
[0.44127479 0.3524152 ]
0.5044967237965228
0.6850765554239576
[0.44127479 0.3524152 ]
0.6850833237771196
0.5044967976900506
[0.44207576 0.35270061]
0.5045633648754444
0.6850805170304556
[0.44207576 0.35270061]
0.6850810501054406
[0.44207576 0.35270061]
0.6850850277330831
0.5044530239764988
[0.44287673 0.35298603]
0.5045030065794903
0.6850830091410617
[0.44287673 0.35298603]
0.5044870119033797
0.6850837586965658
[0.44287673 0.35298603]
0.6850842233438071
[0.44287673 0.35298603]
0.6850852076930347
0.6850851115779084
[0.4436777  0.35327144]
0.6850862326433496
0.5044596876548243
[0.44304453 0.35305574]
0.5044209926531857
0.6850855075910617
[0.44304453 0.35305574]
0.6850856536901682
[0.44304453 0.35305574]
0.5044734500992968
0.6850858179551189
[0.44304453 0.35305574]
0.6850857686466103
0.6850859767434543
[0.44304453 0.35305574]
0.6850863275961807
0.5044259494898972
[0.44334954 0.35316396]
0.504448278425942
0.685086150669169
[0.44334954 0.35316396]
0.5044474732945473
0.685086227204843
[0.44334954 0.35316396]
0.6850863924377977
0.5044474002377298
[0.44318453 0.35310623]
0.6850863752277225
[0.44318453 0.35310623]
0.5044422485979856
0.6850863732368188
[0.44318453 0.35310623]
0.5044420540132069
0.6850863951237817
[0.44334016 0.35316125]
0.6850862973567944
0.6850864052522315
[0.44337595 0.35317409]
0.6850863395290782
0.6850864116640513
[0.44327129 0.35313695]
0.6850864297554247
0.6850864404557333
[0.44329053 0.35314407]
0.6850864404557333
Phase:  [0.78466909 1.77420459 1.77401449 1.77421932]
Final Fidelity:  0.6850864404557333
Final Params:  [0.44329053 0.35314407]
