Optimizing ARP for b =  200.0
Optimizing Delta, T, and phases
0.8715226441281989
0.8783922997352551
0.851561234122678
0.8741734992606219
[0.25062492 0.39515962]
0.8659477682667271
0.8773235162459359
[0.25062492 0.39515962]
0.8655072889840814
0.8780314290768014
[0.25062492 0.39515962]
0.8785750390554569
0.8771445517829326
[0.25510036 0.38898525]
0.8794847823279749
0.8793912023093438
[0.25659218 0.40009911]
0.879131874082952
[0.25659218 0.40009911]
0.880593366242529
0.8808125749653894
[0.26628897 0.41306529]
0.87577346668729
0.8803205764940574
[0.26628897 0.41306529]
0.8821786633831965
0.8836468859741671
[0.27813026 0.41977991]
0.8843751845880354
0.8865668970109937
[0.29412065 0.44876086]
0.8901257284430809
0.8834946738504242
[0.30596193 0.45547549]
0.8707335271698005
0.8862212754203318
[0.30596193 0.45547549]
0.8870190825713427
[0.30596193 0.45547549]
0.8846831910989389
0.8885237228342555
[0.30596193 0.45547549]
0.888107325694853
0.8889506941480719
[0.30596193 0.45547549]
0.8900484706024632
[0.30596193 0.45547549]
0.8910913093093294
0.8915287959050275
[0.31596175 0.45896786]
0.8903345871022672
[0.31596175 0.45896786]
0.8898891749925594
0.8909275438842595
[0.31596175 0.45896786]
0.8909125463972306
0.8912336787001001
[0.31596175 0.45896786]
0.89141094022767
[0.31596175 0.45896786]
0.8915485147163463
0.8912658696872855
[0.32062367 0.45912222]
0.8914579035683137
0.8915842530952047
[0.31921344 0.46065617]
0.891398278346555
0.8916037964715637
[0.31794015 0.45942853]
0.8913872659516457
0.8916081713034818
[0.31960024 0.45958228]
0.891590495689694
0.8916087344199239
[0.31854857 0.45893003]
0.8915686978487628
0.8916132876840773
[0.31850728 0.45934234]
0.8915989316762907
0.8916124269750829
[0.31850728 0.45934234]
0.8916128394156819
[0.31850728 0.45934234]
0.8916072549311167
0.8916141178090226
[0.31891456 0.45945809]
0.8916110015619555
0.891613991459304
[0.31891456 0.45945809]
0.8916129440628686
0.8916140312330182
[0.31891456 0.45945809]
0.8916136454333006
0.8916142028457933
[0.31883681 0.45951551]
0.8916139148717437
0.8916141969024712
[0.31883681 0.45951551]
0.8916142028457933
Phase:  [-1.99568416 -1.83674271 -1.83686172 -1.83676672]
Final Fidelity:  0.8916142028457933
Final Params:  [0.31883681 0.45951551]
