Optimizing ARP for b =  130.0
Optimizing Delta, T, and phases
0.7678206986984603
0.7867439306186613
0.7454085752872458
0.8057360651144465
0.8300953229810187
[0.5423375 0.1999998]
0.8421166878160934
0.8669397834419654
[0.59909375 0.1888887 ]
0.8902943346432591
0.9136145894229697
[0.65269687 0.13888875]
0.9222583787369184
0.9331354745433816
[0.79301094 0.09166657]
0.9385347429609744
0.9393924453015705
[ 0.97037422 -0.03194441]
0.9393924641538421
0.9393924689345812
[ 1.33968398 -0.18819426]
0.9393924616765554
[ 1.33968398 -0.18819426]
0.9393924657283221
[ 1.33968398 -0.18819426]
0.9393924599015452
0.9393924675531191
[ 1.33968398 -0.18819426]
0.9393924599920136
0.9393924753700386
[ 1.66935798 -0.36106735]
0.9393924644015114
0.9393924740266175
[ 1.66935798 -0.36106735]
0.9393924623628576
0.9393924621196327
0.9393924620325588
0.9393924577229871
[ 1.66935798 -0.36106735]
0.9393924296184409
0.9393924658398094
[ 1.66935798 -0.36106735]
0.9393924177955189
0.9393924783247308
[ 1.61090258 -0.33232762]
0.9393924545875509
0.9393924678779071
[ 1.61090258 -0.33232762]
0.939392454135654
0.9393924212837994
0.93939244001879
0.9393924678819606
[ 1.61090258 -0.33232762]
0.939392470350003
[ 1.61090258 -0.33232762]
0.9393924783838866
0.9393924545342065
[ 1.58167488 -0.31795775]
0.9393924656441911
0.9393924518181408
0.9393924651629
0.9393924754194959
[ 1.58167488 -0.31795775]
0.939392467257099
0.9393924710942227
[ 1.58167488 -0.31795775]
0.9393924754014344
0.9393924637240811
0.9393924652235127
0.9393924699938622
[ 1.58167488 -0.31795775]
0.9393924683283794
0.9393924532207721
0.9393924688260646
0.939392472983503
[ 1.58167488 -0.31795775]
0.9393924720014983
0.9393924373456138
0.9393924590844045
0.9393924628859295
[ 1.58167488 -0.31795775]
0.9393924412681304
0.9393924807917781
[ 1.58132238 -0.31775869]
0.939392477257717
0.939392460133156
0.9393924755204848
0.9393924834717232
[ 1.58097422 -0.31758635]
0.9393924757479429
0.9393924554802748
0.939392466579485
0.9393924630631859
[ 1.58097422 -0.31758635]
0.9393924517567062
0.9393924731662271
[ 1.58097422 -0.31758635]
0.9393924708988276
0.939392464579065
0.9393924501370171
0.9393924721221077
[ 1.58097422 -0.31758635]
0.9393924834717232
Phase:  [1.10243349e-04 3.14151232e+00 3.14163667e+00 3.14150047e+00
 3.14145744e+00]
Final Fidelity:  0.9393924834717232
Final Params:  [ 1.58097422 -0.31758635]
