Optimizing ARP for b =  90.0
Optimizing Delta, T, and phases
0.7845109772526473
0.8020546764032119
0.764198751031953
0.8190951748895327
0.8410435544204179
[0.5423375 0.1999998]
0.8520340793293749
0.8742991336659011
[0.59909375 0.1888887 ]
0.8949832427638368
0.9157624741682509
[0.65269687 0.13888875]
0.9236136266744203
0.9335587521142713
[0.79301094 0.09166657]
0.938559848198183
0.9393924567428927
[ 0.97037422 -0.03194441]
0.9393924731366433
0.9393924584017548
[ 1.11068828 -0.07916659]
0.9393924442377503
0.9393924742026656
[ 1.16429141 -0.12916654]
0.9393924582512526
0.9393924500989772
0.9393924594462225
0.9393924552287076
[ 1.16429141 -0.12916654]
0.9393924775385601
0.9393924776038036
[ 1.31800625 -0.1888887 ]
0.9393924687707005
0.9393924636807622
0.9393924475772868
0.9393924761680443
[ 1.31800625 -0.1888887 ]
0.9393924651564156
0.9393924652955364
[ 1.31800625 -0.1888887 ]
0.9393924506925343
0.9393924669714738
[ 1.31800625 -0.1888887 ]
0.9393924301557184
0.939392460566323
0.9393924678912029
0.9393924509734535
[ 1.31800625 -0.1888887 ]
0.9393924785558319
0.9393924784106586
[ 1.29147566 -0.17721336]
0.9393924549183962
0.9393924510688447
0.9393924665871818
0.939392468440491
[ 1.29147566 -0.17721336]
0.9393924549550491
0.9393924609864357
0.9393924568855875
0.9393924756657609
[ 1.29147566 -0.17721336]
0.9393924618098795
0.9393924590060447
0.9393924473867249
0.9393924769134463
[ 1.29147566 -0.17721336]
0.9393924395437555
0.9393924548901095
[ 1.29147566 -0.17721336]
0.9393924711169709
0.9393924254676272
0.9393924687485736
0.9393924438699789
[ 1.29147566 -0.17721336]
0.9393924796391921
0.9393924529638458
[ 1.28977477 -0.17640295]
0.9393924545583999
0.9393924840469929
[ 1.29046923 -0.17671372]
0.9393924647416859
0.9393924755714058
0.9393924446290506
0.9393924736321937
[ 1.29046923 -0.17671372]
0.9393924620133398
0.9393924657974014
[ 1.29046923 -0.17671372]
0.9393924603984399
0.9393924598975263
0.9393924579179168
0.939392461506749
[ 1.29046923 -0.17671372]
0.9393924655022113
[ 1.29046923 -0.17671372]
0.9393924563245991
0.9393924678421096
[ 1.29046923 -0.17671372]
0.9393924272898997
0.9393924436822528
0.9393924605169606
0.9393924529930369
[ 1.29046923 -0.17671372]
0.9393924840469929
Phase:  [-8.68988769e-05  3.14162923e+00  3.14159499e+00  3.14143211e+00
 -3.14175921e+00]
Final Fidelity:  0.9393924840469929
Final Params:  [ 1.29046923 -0.17671372]
