Optimizing ARP for b =  10.0
Optimizing Delta, T, and phases
0.9028657449571031
0.907476867130735
0.8988537290261097
0.9107471373309137
0.9154457525219967
[0.5423375 0.1999998]
0.9183725519332102
0.923469106462135
[0.59909375 0.1888887 ]
0.9277912311555784
0.9327930685127552
[0.65269687 0.13888875]
0.9351306902699738
0.9378780443082202
[0.79301094 0.09166657]
0.9391505719026427
0.9393924758692831
[ 0.97037422 -0.03194441]
0.9393924562943352
[ 0.97037422 -0.03194441]
0.9393924728275596
[ 0.97037422 -0.03194441]
0.9393924603906992
0.9393924763679786
[ 1.1384752 -0.1364582]
0.9327518712167694
0.9393924716039493
0.9393924759494482
0.9393924672133332
[ 1.1384752 -0.1364582]
0.9393924570101212
0.9393924743694976
[ 1.1384752 -0.1364582]
0.9393924452736871
0.9393924756070505
[ 1.1384752 -0.1364582]
0.9393924643156624
0.9393924740266976
0.939392467404825
0.9393924630835251
[ 1.1384752 -0.1364582]
0.9393924718946156
[ 1.1384752 -0.1364582]
0.9393923933277671
0.9393924721956787
[ 1.1384752 -0.1364582]
0.9393924609748601
0.9393924712910339
0.939392475559319
0.9393924666582611
[ 1.1384752 -0.1364582]
0.9393924395682514
0.9393924702703326
[ 1.1384752 -0.1364582]
0.9393924790717152
0.9393924684530903
[ 1.1361602  -0.13475837]
0.93939245047291
0.9393924686495345
0.9393924279946502
0.939392431643329
[ 1.1361602  -0.13475837]
0.9393924747845073
[ 1.1361602  -0.13475837]
0.9393924534038784
0.9393924669140361
[ 1.1361602  -0.13475837]
0.9393924593688255
0.9393924539573082
0.9393924758949131
0.9393924694105419
[ 1.1361602  -0.13475837]
0.9393924818357695
0.9393924514378933
[ 1.13364493 -0.13326619]
0.9393924515996798
0.9393924404604691
0.9393924752275532
0.9393924643127425
[ 1.13364493 -0.13326619]
0.939392458697193
0.9393924596075757
0.9393924364497963
0.9393924722964537
[ 1.13364493 -0.13326619]
0.9393924424336859
0.9393924399343822
0.9393924376619783
0.9393924646691727
[ 1.13364493 -0.13326619]
0.9393924646062326
0.9393924701591959
[ 1.13364493 -0.13326619]
0.9393924608308621
0.9393924348709978
0.9393924684862911
0.9393924694190287
[ 1.13364493 -0.13326619]
0.9393924508012702
0.9393924710394077
[ 1.13364493 -0.13326619]
0.9393924673547714
0.9393924652190933
0.9393924694788715
0.9393924605987579
[ 1.13364493 -0.13326619]
0.9393924818357695
Phase:  [ 1.42568603e-04  3.14142309e+00  3.14146016e+00  3.14143350e+00
 -3.14152397e+00]
Final Fidelity:  0.9393924818357695
Final Params:  [ 1.13364493 -0.13326619]
