Optimizing ARP for b =  110.0
Optimizing Delta, T, and phases
0.77500422988716
0.7933515013633883
0.7534830548733796
0.8115088681135475
0.8348370248615763
[0.5423375 0.1999998]
0.8464204443885069
0.870142069560154
[0.59909375 0.1888887 ]
0.8923365919807588
0.9145480963017929
[0.65269687 0.13888875]
0.9228446995676429
0.9333149339482258
[0.79301094 0.09166657]
0.9385444279990394
0.9393924582303553
[ 0.97037422 -0.03194441]
0.9393924631036848
0.9393924661464287
[ 1.33968398 -0.18819426]
0.9393924614049662
[ 1.33968398 -0.18819426]
0.9393924685440009
0.9393924409225036
[ 1.88635703 -0.46805509]
0.9393924573056193
0.9393924573036673
0.9393924659622335
0.9393924812452061
[ 1.70170215 -0.38993017]
0.9393924752377302
[ 1.70170215 -0.38993017]
0.939392441750749
0.9393924546933422
0.9393924597308821
0.939392460664373
[ 1.70170215 -0.38993017]
0.9393924413463364
0.9393924822137033
[ 1.79311814 -0.43467838]
0.939392449132927
0.9393924780591733
[ 1.79311814 -0.43467838]
0.9393924443037578
0.9393924727877357
0.9393924877096395
0.9393924781573793
[ 1.74741014 -0.41230428]
0.9393924769507366
0.9393924655198066
0.9393924587669843
0.9393924646796141
[ 1.74741014 -0.41230428]
0.9393924557354189
0.9393924707070563
[ 1.74741014 -0.41230428]
0.9393924540630473
0.9393924594782536
0.9393924553343577
0.9393924746400331
[ 1.74741014 -0.41230428]
0.9393924528463128
0.939392450998014
0.9393924523894244
0.9393924521779021
[ 1.74741014 -0.41230428]
0.939392479506441
[ 1.74741014 -0.41230428]
0.9393924580066754
0.9393924429686688
0.9393924673723398
0.9393924777667604
[ 1.74741014 -0.41230428]
0.9393924577080884
0.9393924737591027
[ 1.74741014 -0.41230428]
0.939392418454792
0.9393924486022326
0.9393924489477483
0.9393924648650643
[ 1.74741014 -0.41230428]
0.9393924682475893
[ 1.74741014 -0.41230428]
0.9393924485814825
0.9393924464803739
0.9393924588724103
0.9393924432400474
[ 1.74741014 -0.41230428]
0.9393924781835394
[ 1.74741014 -0.41230428]
0.9393924548646562
0.9393924562606066
0.9393924627475098
0.9393924613770093
[ 1.74741014 -0.41230428]
0.9393924659130327
[ 1.74741014 -0.41230428]
0.9393924514180916
0.9393924651898538
[ 1.74741014 -0.41230428]
0.939392448599464
0.9393924885034407
[ 1.74731303 -0.41226254]
0.9393924885034407
Phase:  [8.94649792e-05 3.14172490e+00 3.14154174e+00 3.14154269e+00
 3.14159388e+00]
Final Fidelity:  0.9393924885034407
Final Params:  [ 1.74731303 -0.41226254]
