Optimizing ARP for b =  70.0
Optimizing Delta, T, and phases
0.7976588913138283
0.8140152043399431
0.7790717285341439
0.8294918115415137
0.8495070879924077
[0.5423375 0.1999998]
0.8596551050856549
0.8799118537161378
[0.59909375 0.1888887 ]
0.8985551361258659
0.9174170611308397
[0.65269687 0.13888875]
0.9246753427633887
0.9339116353192474
[0.79301094 0.09166657]
0.9385866956409874
0.9393924513258528
[ 0.97037422 -0.03194441]
0.9393924521578799
0.9393924565056511
[ 1.33968398 -0.18819426]
0.9393924706828582
0.9393924552913182
[ 1.51704727 -0.31180524]
0.9393924660618654
[ 1.51704727 -0.31180524]
0.9393924844966445
0.9393924831149804
[ 2.06372031 -0.59166608]
0.939392468320549
0.9393924589210763
0.9393924375286116
0.9393924704390206
[ 2.06372031 -0.59166608]
0.939392461904585
0.9393924553530808
0.9393924598056179
0.9393924736171078
[ 2.06372031 -0.59166608]
0.9393924782065661
[ 2.06372031 -0.59166608]
0.9393924746295729
0.9393924608896734
0.9393924753385294
0.9393924536966421
[ 2.06372031 -0.59166608]
0.9393924737371728
0.9393924719331908
0.9393924446390868
0.939392468124118
[ 2.06372031 -0.59166608]
0.9393924738133537
[ 2.06372031 -0.59166608]
0.9393924539410563
0.9393924669996346
0.9393924346496595
0.9393924633106386
[ 2.06372031 -0.59166608]
0.9393924702123078
[ 2.06372031 -0.59166608]
0.9393924419559871
0.9393924755261207
[ 2.06372031 -0.59166608]
0.939392460902283
0.939392462882221
0.9393924126874936
0.9393924706704454
[ 2.06372031 -0.59166608]
0.9393923960605831
0.9393924775916418
[ 2.06372031 -0.59166608]
0.9393924651856208
0.9393924799154739
[ 2.06372031 -0.59166608]
0.9393924767634736
0.9393924810485121
[ 2.06372031 -0.59166608]
0.9393924686963633
0.939392460981003
0.9393924633595886
0.9393924582486904
[ 2.06372031 -0.59166608]
0.9393924663818058
[ 2.06372031 -0.59166608]
0.9393924628120097
0.9393924513886305
0.9393924747767747
0.9393924572093157
[ 2.06372031 -0.59166608]
0.9393924723314526
0.9393924869449632
[ 2.0642666  -0.59189942]
0.9393924781613803
0.9393924482624321
0.9393924788111442
0.9393924283427397
[ 2.0642666  -0.59189942]
0.9393924594141303
0.9393924731944137
[ 2.0642666  -0.59189942]
0.9393924691456372
0.9393924605045846
0.9393924731552311
0.9393924558273546
[ 2.0642666  -0.59189942]
0.939392407959474
0.9393924877136932
[ 2.06420256 -0.59187305]
0.9393924877136932
Phase:  [ 3.51945992e-05  3.14151687e+00  3.14162046e+00  3.14170091e+00
 -3.14174660e+00]
Final Fidelity:  0.9393924877136932
Final Params:  [ 2.06420256 -0.59187305]
