Optimizing ARP for b =  300.0
Optimizing Delta, T, and phases
0.9991005599808597
0.9991136975564927
0.9989911167624885
0.99915214296302
0.9990282953014251
[24.15   0.513]
0.999114875617197
[24.15   0.513]
0.999050191675956
0.999137634443034
[24.15   0.513]
0.9991538315027287
0.9990985183952071
[23.2875  0.5265]
0.9991536505842447
[23.2875  0.5265]
0.9991350370361507
0.9991618439041948
[23.646875  0.516375]
0.99914244075641
0.9991641194944072
[23.23359375  0.51721875]
0.9991379542622569
0.9991623927296063
[23.23359375  0.51721875]
0.9991608911662248
0.9991637378014733
[23.23359375  0.51721875]
0.999158915630615
0.9991634827727252
[23.23359375  0.51721875]
0.9991625204009174
0.9991642310540005
[23.35586548  0.51858325]
0.9991643731607658
0.9991634807222988
[23.11665649  0.51789771]
0.9991644955379047
0.9991640049556462
[23.23892822  0.51926221]
0.9991641277167268
0.9991645029915486
[23.26682892  0.5185816 ]
0.9991638199275213
0.9991645683402351
[23.18476753  0.51840981]
0.9991645519179435
[23.18476753  0.51840981]
0.9991642319958879
0.9991645167471359
[23.18476753  0.51840981]
0.999164480473606
0.9991645766379413
[23.21574564  0.51819753]
0.9991645748575091
[23.21574564  0.51819753]
0.999164257266635
0.9991645844532873
[23.19328141  0.51847382]
0.9991644710709103
0.9991646165507156
[23.19617923  0.5186069 ]
0.9991645727114667
0.9991646205637822
[23.20523798  0.51836894]
0.999164268378739
0.9991645613148974
0.9991646297762411
0.9991645704557071
[23.20070861  0.51848792]
0.9991641199165597
0.9991646162093494
[23.20070861  0.51848792]
0.9991645646758958
0.9991646050594462
0.999164601842786
0.9991645939312586
[23.20070861  0.51848792]
0.9991645706537701
0.9991646517057591
[23.20137675  0.5184573 ]
0.9991645923920535
0.9991646088725263
[23.20137675  0.5184573 ]
0.9991647131913914
0.9991645923920535
[23.20007737  0.5184947 ]
0.9991646945577799
[23.20007737  0.5184947 ]
0.9991645928099453
0.9991646483911709
0.9991646568797931
0.9991646547243468
[23.20007737  0.5184947 ]
0.9991645869791163
0.9991646573762866
[23.20007737  0.5184947 ]
0.9991646700438419
[23.20007737  0.5184947 ]
0.9991645457991238
0.9991645846327086
0.999164567857624
0.9991645758855553
[23.20007737  0.5184947 ]
0.9991645769468371
[23.20007737  0.5184947 ]
0.999164590735141
[23.20007737  0.5184947 ]
0.9991643484413835
0.9991646598421089
[23.20007737  0.5184947 ]
0.9991647131913914
Phase:  [0.31274718 0.31284184 0.31275282]
Final Fidelity:  0.9991647131913914
Final Params:  [23.20007737  0.5184947 ]
