Optimizing ARP for b =  200.0
Optimizing Delta, T, and phases
0.9991921162768286
0.9992214175626642
0.9990791252433139
0.9991850429217711
0.9992295188635424
[23.8625  0.5265]
0.9992117205611301
0.9992262255467019
[23.8625  0.5265]
0.9992050748591244
0.9992297533398882
[24.16796875  0.53409375]
0.9992276925497261
0.9992314673063036
[23.76816406  0.53050781]
0.9992240028775438
0.9992323407248143
[23.9152832   0.52940039]
0.9992211787066847
0.9992321103885962
[23.9152832   0.52940039]
0.9992316021471054
0.9992320905865388
[23.9152832   0.52940039]
0.9992324018384062
0.9992314673063036
[23.86411438  0.53060999]
0.999230368713605
0.9992326489694219
[23.94727249  0.53101456]
0.9992321161666586
0.9992323620088394
[23.94727249  0.53101456]
0.9992323689683922
0.9992325158285589
[23.94727249  0.53101456]
0.9992322854163656
0.9992324037111351
[23.94727249  0.53101456]
0.9992326734258108
0.9992322857121593
[23.95586917  0.53132986]
0.9992325875182684
0.9992323334017015
0.9992327377189787
0.9992327157515792
[23.95157083  0.53117221]
0.9992324581615475
0.9992323898746316
0.9992324827952566
0.9992324044978925
[23.95157083  0.53117221]
0.9992323888841239
0.9992325345110671
[23.95157083  0.53117221]
0.9992317417538809
0.9992326331881404
[23.95157083  0.53117221]
0.9992312064066888
0.9992324751444834
0.9992323380139202
0.9992323358411161
[23.95157083  0.53117221]
0.9992325190431958
[23.95157083  0.53117221]
0.9992325341674191
[23.95157083  0.53117221]
0.9992315446620035
0.9992325378445857
[23.95157083  0.53117221]
0.9992325801398618
[23.95157083  0.53117221]
0.9992323361291822
0.9992324261583255
0.9992324319048569
0.999232450140066
[23.95157083  0.53117221]
0.9992324656753577
[23.95157083  0.53117221]
0.99923261321705
[23.95157083  0.53117221]
0.9992327131027308
[23.95157083  0.53117221]
0.9992324621883015
0.9992325461013903
0.9992324014486201
0.9992324257788795
[23.95157083  0.53117221]
0.9992324111421793
0.9992323312767306
0.9992324194073603
0.999232456479678
[23.95157083  0.53117221]
0.9992324999825175
[23.95157083  0.53117221]
0.999232554182992
[23.95157083  0.53117221]
0.9992325166110513
0.9992326897740065
[23.95157083  0.53117221]
0.9992325288510069
0.9992322923977928
0.9992327139288011
0.9992323037012925
[23.95157083  0.53117221]
0.999232516940762
0.9992326223734911
[23.95157083  0.53117221]
0.9992327377189787
Phase:  [0.56335345 0.5633543  0.56319147 0.56335745]
Final Fidelity:  0.9992327377189787
Final Params:  [23.95157083  0.53117221]
