Optimizing ARP for b =  600.0
Optimizing Delta, T, and phases
0.9996247753321168
0.9997050982714147
0.9996247753321168
0.9997050985850525
0.9997051139086646
[24.725  0.486]
0.99966981224391
0.9996956663000871
[24.725  0.486]
0.9996905807423097
0.9997039429672394
[24.725  0.486]
0.9997034676215911
0.9997062974168215
[24.6171875  0.509625 ]
0.9996946659320425
0.999707301634479
[24.41054688  0.51890625]
0.9997067629992199
[24.41054688  0.51890625]
0.9997038363749426
0.9997071566537606
[24.41054688  0.51890625]
0.999706511668872
0.9997072610516736
[24.41054688  0.51890625]
0.9997067403000307
0.9997072798116434
[24.41054688  0.51890625]
0.9997071993584249
0.9997072971513989
[24.41054688  0.51890625]
0.9997072510649871
0.999707297602616
[24.41054688  0.51890625]
0.9997072913765639
0.9997073014409061
[24.41054688  0.51890625]
0.9997072926391221
0.9997073010115164
[24.41054688  0.51890625]
0.9997072983375496
0.999707300741485
0.9997073004638548
0.9997072999400455
[24.41054688  0.51890625]
0.9997073002223101
0.9997073018269941
[24.40840524  0.51982928]
0.9997073006253112
0.9997072992326178
0.9997073004944916
0.9997073009310756
[24.40840524  0.51982928]
0.999707300548101
0.9997073004971109
0.999707300217524
0.9997073016081898
[24.40840524  0.51982928]
0.9997073019729427
0.9997073015429866
[24.40865036  0.51928118]
0.9997073008519901
0.9997073013465019
0.9997073003061857
0.9997073019199415
[24.40865036  0.51928118]
0.9997073007636126
0.9997073011127234
[24.40865036  0.51928118]
0.9997073004384686
0.999707301981918
[24.40877172  0.51931184]
0.9997073014711606
0.999707301899194
0.9997073014170492
0.999707301337116
[24.40877172  0.51931184]
0.999707301981918
Phase:  [0.20353243 0.20313756 0.20348235 0.20331498 0.20319346]
Final Fidelity:  0.999707301981918
Final Params:  [24.40877172  0.51931184]
