Optimizing ARP for b =  200.0
Optimizing Delta, T, and phases
0.9966901945170259
0.9961837472462782
0.9970969234591907
0.9973508597684703
0.9974757458073763
[20.7     0.5805]
0.9977931978171529
0.9980274902265551
[19.55     0.64125]
0.9973857389954298
0.9977896424948157
[19.55     0.64125]
0.9978210565348651
[19.55     0.64125]
0.9980701158346622
0.9981508497529793
[18.25625     0.73659375]
0.9979962427136796
0.9980523449821116
[18.25625     0.73659375]
0.9982113667702509
0.9977454299782771
[18.2921875   0.78194531]
0.9979510021044241
0.9981172916996535
[18.2921875   0.78194531]
0.9981911883035377
[18.2921875   0.78194531]
0.9978402365545102
0.998217845873314
[18.10576172  0.76268408]
0.998188874838245
0.9982195721487681
[17.90866699  0.78395911]
0.9982243593968468
0.9982070712020817
[17.72224121  0.76469788]
0.9982218800910921
[17.72224121  0.76469788]
0.9982293842439631
0.9982073121267676
[17.3387207   0.76671167]
0.9981710900504357
0.9982330970053931
[17.52781372  0.77583884]
0.9982312081012824
[17.52781372  0.77583884]
0.9982197570745017
0.998233360451914
[17.33738708  0.7717787 ]
0.9982300690187124
0.9982333428017257
[17.33738708  0.7717787 ]
0.9982322990525171
0.998233699514301
[17.42036533  0.77482177]
0.998232382776344
0.9982337069421701
[17.33366151  0.77456547]
0.9982327723199989
0.9982336130648468
[17.33366151  0.77456547]
0.9982334703548985
0.9982338105976338
[17.36710684  0.77396489]
0.9982336115064325
0.9982337228937925
[17.36710684  0.77396489]
0.9982336365989407
0.9982336854612353
0.9982336948452261
0.9982338078822717
[17.36710684  0.77396489]
0.9982338457489698
0.9982337454547122
[17.34125021  0.77397589]
0.9982336749599479
0.9982338079926665
[17.34125021  0.77397589]
0.9982337240713807
0.9982336784084189
0.9982338446546455
0.9982337313327744
[17.34125021  0.77397589]
0.998233676294652
0.9982338489204456
[17.34724008  0.77400999]
0.9982333152837563
0.9982337988682639
0.9982337501523336
0.9982338468913036
[17.34724008  0.77400999]
0.9982337682204387
0.9982338325838336
[17.34724008  0.77400999]
0.9982337836858072
0.9982338188954335
0.9982337703603372
0.9982338119763419
[17.34724008  0.77400999]
0.9982338017928021
0.9982337926022272
0.998233788178896
0.9982338273426108
[17.34724008  0.77400999]
0.9982338157334499
0.9982337885662607
0.9982338006323548
0.9982338317127778
[17.34724008  0.77400999]
0.998233743001402
0.9982337767819178
0.9982337646077329
0.998233738508335
[17.34724008  0.77400999]
0.9982337440381452
0.9982338019329737
[17.34724008  0.77400999]
0.9982337822344852
0.9982337696859286
0.9982338821855117
0.9982338158804045
[17.34728195  0.77401015]
0.9982338821855117
Phase:  [0.78051999 0.08161766 0.08144444 0.08126569]
Final Fidelity:  0.9982338821855117
Final Params:  [17.34728195  0.77401015]
