Optimizing ARP for b =  10.0
Optimizing Delta, T, and phases
0.9401166310193737
0.9516912898281228
0.9574486768888759
0.9668942418371058
0.9646602215829454
[24.15   0.567]
0.9458873564958137
0.9611348634222112
[24.15   0.567]
0.9706709622846222
0.9738794023855055
[26.01875  0.54675]
0.9798064268856495
0.982018395636007
[27.528125  0.563625]
0.9873494014969448
0.9862314326830598
[29.396875  0.543375]
0.9815674017084546
0.9855525925678645
[29.396875  0.543375]
0.9878142162684964
0.9824281235454422
[31.553125  0.536625]
0.978474008998587
0.988262107953228
[30.0796875  0.5484375]
0.9877410898003226
0.988376847516153
[31.52617188  0.54210938]
0.9866457365966416
0.9884887737530907
[31.17802734  0.54094922]
0.9871937685569551
0.9885647490745624
[30.71589355  0.5449834 ]
0.9885446181135944
[30.71589355  0.5449834 ]
0.9883120842096731
0.9885933106479086
[30.85992432  0.54267627]
0.9884558281082108
0.9886027489541787
[30.57782898  0.54382654]
0.9884779081884302
0.9886058620400556
[30.7173851  0.5441174]
0.9885723029807191
0.9886081971333609
[30.75376568  0.54332412]
0.9885930312990223
0.9886097510582418
[30.65670218  0.54377365]
0.9885932032952895
0.9886105887696358
[30.71130952  0.54383314]
0.9886061326922945
0.9886103413799476
[30.71130952  0.54383314]
0.9886090439413839
0.9886106568742883
[30.68589991  0.54373605]
0.9886096355980263
0.9886108485020284
[30.70874524  0.54367418]
0.9886093844739929
0.988610907891595
[30.70431605  0.54376913]
0.9886107264105038
0.988610886465966
[30.70431605  0.54376913]
0.9886106300857925
0.9886108895870641
[30.70431605  0.54376913]
0.9886109927519049
0.988610775911039
[30.69713317  0.54376266]
0.9886107661921999
0.988610920935675
[30.69713317  0.54376266]
0.9886106835757691
0.988610547852384
0.9886108437956502
0.9886108847655543
[30.69713317  0.54376266]
0.9886107652884596
0.9886105789416495
0.9886108685873678
0.9886109682905364
[30.69713317  0.54376266]
0.9886109523606083
0.9886106387987054
0.9886109567136725
0.9886105402272088
[30.69713317  0.54376266]
0.98861084475288
0.9886105691393431
0.9886106747054787
0.9886107473320164
[30.69713317  0.54376266]
0.9886108658838888
[30.69713317  0.54376266]
0.9886108324232528
0.9886108843369829
[30.69713317  0.54376266]
0.9886108539295168
0.9886109305804872
[30.69713317  0.54376266]
0.9886106879852714
0.9886109471515757
[30.69713317  0.54376266]
0.9886108211734219
0.988610946609771
[30.69713317  0.54376266]
0.9886108772050612
0.9886109305463691
0.9886109119936742
0.9886109281429388
[30.69713317  0.54376266]
0.9886109927519049
Phase:  [0.93925252 0.93889675 0.93911044]
Final Fidelity:  0.9886109927519049
Final Params:  [30.69713317  0.54376266]
