Optimizing ARP for b =  10.0
Optimizing Delta, T, and phases
0.8736829837306646
0.893399733404807
0.8880941778469813
0.9067230509936446
0.8918709617370172
[24.15   0.567]
0.9128694630360877
0.8970315575340316
[25.3   0.54]
0.9189390971215047
0.8949957793501614
[25.3    0.567]
0.9311918814075281
0.9149350808586246
[26.45  0.54]
0.9259517712822843
[26.45  0.54]
0.9471902752665783
0.932048185309268
[27.6   0.54]
0.8724623991396102
0.9456170510062
[27.6   0.54]
0.9545434561911984
0.9443936537052842
[27.8875  0.5535]
0.9595839797222345
0.9602292476184474
[29.75625  0.53325]
0.9682449365072384
0.9610500419409078
[30.04375  0.54675]
0.9648300435927574
[30.04375  0.54675]
0.9734647597074669
0.9639510971475524
[32.2   0.54]
0.9386336033663996
0.973501159632645
[31.5171875  0.5349375]
0.9726423690012361
0.9747491835383879
[32.76601563  0.53282813]
0.9677381380754663
0.9749672820588873
[32.17080078  0.53694141]
0.9740814603925951
0.9748764851426344
[32.17080078  0.53694141]
0.9739670987867386
0.9750536196086861
[32.66171265  0.53436401]
0.974833388387756
0.9750416833779484
[32.66171265  0.53436401]
0.9747086677447365
0.975077998499627
[32.42086296  0.5358756 ]
0.9750676669305316
[32.42086296  0.5358756 ]
0.9750189071864347
0.9750893020863601
[32.53668156  0.53489692]
0.9750428892481025
0.9750929555565875
[32.44060512  0.53518516]
0.9750148391529189
0.9750971959094611
[32.45475315  0.53545832]
0.9750879696844055
0.9750956371583576
[32.45475315  0.53545832]
0.9750945761906649
0.9750973760189072
[32.48989756  0.53533316]
0.9750873465591201
0.9750979605390684
[32.48225285  0.53525253]
0.9750964328042759
0.9750980331568241
[32.47041418  0.53537558]
0.9750979276796016
0.975098099020112
[32.46955149  0.53530451]
0.9750974751938717
0.9750981318893754
[32.47611784  0.53529629]
0.9750974369448472
0.9750982814361074
[32.47162442  0.53533799]
0.9750976624758265
0.9750980980218581
0.9750982724132833
0.975097713057248
[32.47162442  0.53533799]
0.9750980278268346
0.975098149143472
[32.47162442  0.53533799]
0.9750981938609999
0.9750981835078971
0.9750977951916449
0.9750981390621627
[32.47162442  0.53533799]
0.9750979733734506
0.9750980963159367
[32.47162442  0.53533799]
0.9750974852827137
0.9750980974695911
[32.47162442  0.53533799]
0.9750981739163144
[32.47162442  0.53533799]
0.9750980772559058
0.9750977506174893
0.9750983367265325
0.9750981874264029
[32.4719714  0.535336 ]
0.9750981142769256
0.9750980444855816
0.9750982950348784
0.9750980276836422
[32.4719714  0.535336 ]
0.9750983120495393
[32.4719714  0.535336 ]
0.9750983899995292
0.9750983727323389
[32.47186948  0.53533592]
0.9750981626527154
0.9750983476129041
[32.47186948  0.53533592]
0.975098163895521
0.9750982137919235
0.9750983421792364
0.9750982370317388
[32.47186948  0.53533592]
0.9750983899995292
Phase:  [ 0.74603511 -3.06583098 -3.06603992 -3.06588298]
Final Fidelity:  0.9750983899995292
Final Params:  [32.47186948  0.53533592]
