Optimizing ARP for b =  10.0
Optimizing Delta, T, and phases
0.9852785243969556
0.9843675930211208
0.9858533136258758
0.9868295408371777
0.9881398136696254
[0.486 0.215]
0.988714067027758
0.990437380603961
[0.459  0.2375]
0.9926939541772211
0.9950226027913022
[0.3375  0.25875]
0.9950598515490847
0.9862443660979322
[0.3105  0.28125]
0.9797470427817276
0.9936001476733113
[0.3105  0.28125]
0.9928848154172243
0.994716738304954
[0.3105  0.28125]
0.9947780434622475
0.995140660018496
[0.307125  0.2740625]
0.9935081652611109
0.9952164574025602
[0.32315625 0.26820312]
0.995221653988732
0.9951058248935828
[0.31978125 0.26101562]
0.9950016208168637
0.9952168847023883
[0.31978125 0.26101562]
0.9952431344302255
0.9952679080269401
[0.30480469 0.25912109]
0.9952485645452362
[0.30480469 0.25912109]
0.9952566119744256
[0.30480469 0.25912109]
0.9952284418343325
0.9952913927908343
[0.30517383 0.25240723]
0.995237493430204
0.995301220542222
[0.30015088 0.25233521]
0.9951959900421887
0.9952974149490298
[0.30015088 0.25233521]
0.9952961596399548
0.9953029394097518
[0.30032639 0.25485741]
0.9952934181473425
0.9953032599648346
[0.30198608 0.25467123]
0.9952864722545361
0.9953050509209462
[0.30065355 0.25354976]
0.9953030786186308
0.9953043125497263
[0.30065355 0.25354976]
0.9953024801877837
0.9953044655572899
[0.30065355 0.25354976]
0.9953051702213298
0.9953049991644998
[0.30044758 0.25397004]
0.99530501951123
0.9953052383115402
[0.30002057 0.25356119]
0.9953051469436133
0.9953052606810122
[0.30002434 0.25387354]
0.9953051503380448
0.9953052673482571
[0.30023502 0.2538437 ]
0.9953049667153507
0.9953052960723724
[0.30007513 0.25370991]
0.9953052614724125
0.9953052839333368
[0.30007513 0.25370991]
0.9953052567907238
0.9953052871060727
[0.30007513 0.25370991]
0.9953052991996806
0.9953052950203602
[0.30004609 0.25376291]
0.9953052965523903
[0.30004609 0.25376291]
0.9953052965966542
[0.30004609 0.25376291]
0.9953052882912433
0.9953052990755233
[0.30004609 0.25376291]
0.9953052963501914
0.9953052993812747
[0.29994982 0.25374354]
0.9953052993812747
Phase:  [-0.32374871 -0.3237334  -0.3237196 ]
Final Fidelity:  0.9953052993812747
Final Params:  [0.29994982 0.25374354]
