Optimizing ARP for b =  170.0
Optimizing Delta, T, and phases
0.9922011275625826
0.9928299940646345
0.991446572718715
0.9934731709484641
0.9942981362372115
[0.5423375 0.1999998]
0.9947023589880026
0.9955478181121836
[0.59909375 0.1888887 ]
0.9963520504079633
0.9971584161315677
[0.65269687 0.13888875]
0.9974610578668989
0.9978190787798435
[0.79301094 0.09166657]
0.9869840312341063
0.9969567785561947
[0.79301094 0.09166657]
0.9978261445389255
0.9869840312341063
[0.78473398 0.07847214]
0.978724597108296
0.997632877413201
[0.78473398 0.07847214]
0.9971388564497227
0.997763447387126
[0.78473398 0.07847214]
0.9978301461536947
0.9971388555724173
[0.82291636 0.07161451]
0.9967463569796344
0.9978243664613233
[0.82291636 0.07161451]
0.9973515054265452
0.9978432542954573
[0.80112161 0.07919914]
0.9978821101446044
0.9978638528188112
[0.83930399 0.07234151]
0.997858736802596
[0.83930399 0.07234151]
0.9979111759308951
0.9979127140466196
[0.88297661 0.07000319]
0.9976481413297399
0.997897714164761
[0.88297661 0.07000319]
0.9979359023674512
