Optimizing ARP for b =  70.0
Optimizing Delta, T, and phases
0.9934544542653729
0.9939784379320135
0.9928589626527895
0.9944746410562157
0.9951176765528023
[0.5423375 0.1999998]
0.9954441342766899
0.9960974951556336
[0.59909375 0.1888887 ]
0.9967018339268031
0.9973184276393317
[0.65269687 0.13888875]
0.9975619254387754
0.9978509158750526
[0.79301094 0.09166657]
0.987709580529064
0.9971691964630028
[0.79301094 0.09166657]
0.9978588651212149
0.987709580529064
[0.78473398 0.07847214]
0.9769016382149748
0.9976960592454321
[0.78473398 0.07847214]
0.9972265971368849
0.9978040604610773
[0.78473398 0.07847214]
0.9978429811742324
0.9978833099315892
[0.80589441 0.07834194]
0.9969738207079691
0.9978410033712712
0.997871622941715
0.997848867232043
[0.80589441 0.07834194]
0.9977770217817357
0.9978561529150642
[0.80589441 0.07834194]
0.9978795570992741
[0.80589441 0.07834194]
0.9978946365218387
0.9978853804749394
[0.81176033 0.0749945 ]
0.9978940727528754
[0.81176033 0.0749945 ]
0.997907692685155
0.9979024304990605
[0.82234054 0.0749294 ]
0.9978285118100378
0.9979023987378242
[0.82234054 0.0749294 ]
0.9979124170823209
0.9979155029475594
[0.83513395 0.07733418]
0.9979262687761945
0.9979366064848602
[0.85268668 0.07515658]
0.9979365510081374
[0.85268668 0.07515658]
0.9979559336877177
0.997971443127437
[0.90698224 0.07440856]
0.9979629108844601
[0.90698224 0.07440856]
0.9979939525513793
0.9980120453321727
[0.99638327 0.06930535]
0.9980146701005829
0.9980285973594999
[1.06667059 0.07156331]
0.9980503569103354
0.9980674636714233
[1.2806163  0.06248587]
0.9980716245371049
0.9980826376239299
[1.52816379 0.06246306]
0.9980922294283598
0.9980985342201276
[2.07982896 0.04429677]
0.9981001147447056
0.9981027605275925
[2.85075653 0.03516802]
0.9981010325964887
[2.85075653 0.03516802]
0.9973241435056002
0.9981021695629462
[2.85075653 0.03516802]
0.9980966813238028
0.9981037466523813
[3.06470224 0.02609057]
0.9981040306122808
0.9981045365186564
[3.66677009 0.02150625]
0.9980968855009311
0.9981035926951153
[3.66677009 0.02150625]
0.9981043548524625
[3.66677009 0.02150625]
0.9981035010441499
0.9981042377480324
[3.66677009 0.02150625]
0.9981046201154198
0.9981035010441499
[3.93514593 0.0166696 ]
0.9981047593861543
0.998104798354908
[4.15642207 0.02103656]
0.9981050247559055
0.9981050720251727
[4.80381182 0.01354675]
0.9981051415102508
0.9981052258422548
[5.57005897 0.01853576]
0.9981054071464214
0.9981028263344545
[6.21744873 0.01104595]
0.9981054100394898
0.9981054563117786
[8.0736379  0.01727906]
0.9981055421808658
0.9981055793111593
[1.02965120e+01 5.41600209e-03]
0.9981055823726714
0.9981056030298131
[1.51203274e+01 1.19507023e-02]
0.9981056394679659
0.9981056401068914
[ 2.19779833e+01 -8.50807265e-03]
0.9981056397836736
[ 2.19779833e+01 -8.50807265e-03]
0.9981056382831721
0.9981056394351704
[ 2.19779833e+01 -8.50807265e-03]
0.9981056247897477
0.9981056393540494
0.998105638920884
0.9981056394890185
[ 2.19779833e+01 -8.50807265e-03]
0.9981056393561522
0.9981056395765964
[ 2.19779833e+01 -8.50807265e-03]
0.9981056393233809
0.9981056395101526
[ 2.19779833e+01 -8.50807265e-03]
0.9981056395738842
0.9981056388755497
0.9981056400415238
0.9981056395580525
[ 2.19779833e+01 -8.50807265e-03]
0.9981056394971736
0.9981056396489507
[ 2.19779833e+01 -8.50807265e-03]
0.9981056394185367
0.9981056393934483
0.9981056396154647
0.99810563966574
[ 2.19779833e+01 -8.50807265e-03]
0.9981056399687885
[ 2.19779833e+01 -8.50807265e-03]
0.9981056395079544
0.9981056394311024
0.99810563943868
0.9981056400453641
[ 2.19779833e+01 -8.50807265e-03]
