Optimizing ARP for b =  50.0
Optimizing Delta, T, and phases
0.9940590501661953
0.9945234655247945
0.9935465923412041
0.9949467285827133
0.9954992554768766
[0.5423375 0.1999998]
0.9957856431658605
0.9963473354060008
[0.59909375 0.1888887 ]
0.9968610438426914
0.997393535010527
[0.65269687 0.13888875]
0.9976109889151499
0.9978679247108946
[0.79301094 0.09166657]
0.9881849486274383
0.9972670553723448
[0.79301094 0.09166657]
0.9978790120935538
0.9881849486274383
[0.78473398 0.07847214]
0.9758397339125287
0.9977284262019287
[0.78473398 0.07847214]
0.9972755123638487
0.9978262560784436
[0.78473398 0.07847214]
0.9978453158451491
0.997901633507818
[0.80589441 0.07834194]
0.9969870177329028
0.9978549487442001
0.9978908288577121
0.9978627162142248
[0.80589441 0.07834194]
0.9977764142929941
0.9978723619707232
[0.80589441 0.07834194]
0.9978935243420257
[0.80589441 0.07834194]
0.9979086132736824
0.9978941191289186
[0.81176033 0.0749945 ]
0.9979115727391673
0.997908128716302
[0.81647462 0.07827683]
0.9979215945809579
0.9979116930860849
[0.82234054 0.0749294 ]
0.9979207629392762
[0.82234054 0.0749294 ]
0.9979328538076362
0.9979266608590034
[0.83292076 0.07486429]
0.9978592243325998
0.9979287104843233
[0.83292076 0.07486429]
0.9979372541242312
0.997939603673894
[0.84571416 0.07726907]
0.997949153091278
0.9979579913272583
[0.86326689 0.07509148]
0.9979575449122826
[0.86326689 0.07509148]
0.997974754871454
0.9979881663479687
[0.91756245 0.07434346]
0.9979794368926924
[0.91756245 0.07434346]
0.9980069898713516
0.9980225810443479
[1.00696348 0.06924025]
0.998025767221478
0.9980380686038146
[1.0772508  0.07149821]
0.9980567166519203
0.9980716321895007
[1.29119651 0.06242076]
0.9980753812677907
0.9980848760522084
[1.538744   0.06239796]
0.9980932071772253
0.9980988461480869
[2.09040917 0.04423167]
0.998100292673047
0.9981028057411113
[2.86133675 0.03510292]
0.9981011439150024
[2.86133675 0.03510292]
0.997240756723769
0.9981022388160388
[2.86133675 0.03510292]
0.9980971394985845
0.9981037723524226
[3.07528246 0.02602547]
0.9981040471755052
0.9981045450098112
[3.6773503  0.02144114]
0.9980981001278013
0.9981036168429052
[3.6773503  0.02144114]
0.9981043566365578
[3.6773503  0.02144114]
0.9981035909396924
0.9981042519619139
[3.6773503  0.02144114]
0.9981046227976964
0.9981035909396924
[3.94572615 0.0166045 ]
0.9981047660172588
0.9981048056197361
[4.16700228 0.02097145]
0.9981050267899543
0.9981050752774995
[4.81439204 0.01348164]
0.9981051451753924
0.9981052280190508
[5.58063918 0.01847065]
0.9981054078201054
0.9981018927519981
[6.22802894 0.01098084]
0.9981054113209064
0.9981054572320274
[8.08421811 0.01721396]
0.9981055431546838
0.9981055795460402
[1.03070922e+01 5.35089799e-03]
0.9981055840740877
0.998105603497636
[1.51309076e+01 1.18855982e-02]
0.9981056393198655
0.9981056395059316
[ 2.19885635e+01 -8.57317675e-03]
0.9981056395419213
0.9981056391408588
[ 2.68123789e+01 -2.03847656e-03]
0.9981056399139756
0.9981056395611086
[ 3.36700348e+01 -2.24972515e-02]
0.9981056391598961
0.9981056401421089
[ 2.61148852e+01 -1.04205204e-02]
0.9981056387720385
0.99810563907269
0.998105639172536
0.9981056393436358
[ 2.61148852e+01 -1.04205204e-02]
0.9981056389786113
0.9981056376973315
0.9981056394653351
0.9981056395461696
[ 2.61148852e+01 -1.04205204e-02]
0.9981056395678872
[ 2.61148852e+01 -1.04205204e-02]
0.9981056390946461
0.9981056396316702
[ 2.61148852e+01 -1.04205204e-02]
0.9981056398275387
[ 2.61148852e+01 -1.04205204e-02]
0.9981056395708561
0.9981056385678754
0.9981056395775239
0.998105638734321
[ 2.61148852e+01 -1.04205204e-02]
0.9981056391888002
0.9981056391103734
0.998105639741266
0.9981056399861267
[ 2.61148852e+01 -1.04205204e-02]
0.9981056390239134
0.9981056393881576
0.998105640106331
0.9981056395721323
[ 2.61148852e+01 -1.04205204e-02]
0.9981056399518715
0.998105639618622
0.9981056397516771
0.9981056393261132
[ 2.61148852e+01 -1.04205204e-02]
0.9981056397421925
0.9981056402579068
[ 2.61899137e+01 -1.06239212e-02]
0.9981056396632455
0.9981056397528176
[ 2.61899137e+01 -1.06239212e-02]
0.9981056393505865
0.9981056396880366
0.9981056378037817
0.9981056396066795
[ 2.61899137e+01 -1.06239212e-02]
0.998105639522302
0.9981056395870709
[ 2.61899137e+01 -1.06239212e-02]
0.9981056396438438
[ 2.61899137e+01 -1.06239212e-02]
0.9981056394033844
0.9981056380412652
0.9981056398255364
0.9981056389896549
[ 2.61899137e+01 -1.06239212e-02]
0.9981056397994598
0.9981056396100583
0.9981056385228504
0.9981056393061116
[ 2.61899137e+01 -1.06239212e-02]
0.9981056391742901
0.9981056393340143
[ 2.61899137e+01 -1.06239212e-02]
0.9981056394865377
[ 2.61899137e+01 -1.06239212e-02]
0.9981056399137127
[ 2.61899137e+01 -1.06239212e-02]
0.9981056401697717
[ 2.61899137e+01 -1.06239212e-02]
0.9981056392536217
0.9981056394066056
0.9981056389279273
0.9981056396418221
[ 2.61899137e+01 -1.06239212e-02]
0.9981056397389168
[ 2.61899137e+01 -1.06239212e-02]
0.998105639736705
0.9981056390517371
0.9981056395322823
0.998105639521455
[ 2.61899137e+01 -1.06239212e-02]
0.9981056393881145
0.9981056390828416
0.9981056396962412
0.9981056395611791
[ 2.61899137e+01 -1.06239212e-02]
0.9981056395153912
0.9981056396941456
[ 2.61899137e+01 -1.06239212e-02]
0.9981056383139191
0.9981056398383957
[ 2.61899137e+01 -1.06239212e-02]
0.9981056398592654
[ 2.61899137e+01 -1.06239212e-02]
0.9981056397054513
0.9981056392577539
0.9981056394213392
0.9981056397179958
[ 2.61899137e+01 -1.06239212e-02]
0.9981056402579068
Phase:  [-1.04293279e-04  3.14145132e+00  3.14173920e+00  3.14165506e+00
 -3.14163632e+00]
Final Fidelity:  0.9981056402579068
Final Params:  [ 2.61899137e+01 -1.06239212e-02]
