Optimizing ARP for b =  300.0
Optimizing Delta, T, and phases
0.999569718616263
0.9996509900623732
0.999569718616263
0.999650988835801
[24.15  0.54]
0.9996379911829093
0.9996512940236059
[24.725    0.51975]
0.9996512940236059
[24.725    0.51975]
0.9996379921126132
0.9996533838778374
[24.4375    0.536625]
0.9996533838778374
[24.4375    0.536625]
0.999650988835801
0.9996522725743162
[24.4375    0.536625]
0.9996528590246421
0.9996531083787582
[24.4375    0.536625]
0.9996529640017976
0.9996532732742608
[24.4375    0.536625]
0.999653319704078
0.999653430752942
[24.45546875  0.52291406]
0.999653430752942
[24.45546875  0.52291406]
0.9996533196393209
0.9996534752184247
[24.44648438  0.53651953]
0.9996534750698953
[24.44648438  0.53651953]
0.9996533839399128
0.9996534538926596
[24.44648438  0.53651953]
0.9996533652304835
0.9996534638185013
[24.44648438  0.53651953]
0.9996533550202001
0.9996534689589986
[24.44648438  0.53651953]
0.9996534799684375
0.9996533552154897
[24.44536133  0.52303271]
0.9996534797343992
[24.44536133  0.52303271]
0.9996533547928139
0.999653477104102
[24.44536133  0.52303271]
0.999653482802095
0.9996533552154897
[24.4447998   0.53653931]
0.9996534826462864
[24.4447998   0.53653931]
0.9996533552154897
0.9996534808838795
[24.4447998   0.53653931]
0.999653353360064
0.9996534822751529
[24.4447998   0.53653931]
0.9996533530873448
0.9996534822344145
0.9996534826462864
0.9996534822344145
[24.4447998   0.53653931]
0.9996533526713056
0.9996534822873059
[24.4447998   0.53653931]
0.9996534825431789
0.9996534829192074
[24.44478226  0.52978951]
0.9996534825517533
0.9996534829824724
[24.44479542  0.52810186]
0.9996534815481077
0.9996534826587207
0.9996534827747321
0.9996534825855369
[24.44479542  0.52810186]
0.9996534826941468
0.9996534823998354
0.9996534827310682
0.9996534818006905
[24.44479542  0.52810186]
0.9996534830247809
0.9996534826928979
[24.44479103  0.52641441]
0.9996534826587207
0.9996534828650685
[24.44479103  0.52641441]
0.9996534828632686
0.9996534824800888
0.9996534827845287
0.9996534826604988
[24.44479103  0.52641441]
0.9996534829980175
[24.44479103  0.52641441]
0.9996534832138791
0.9996534828403542
[24.44479021  0.52567614]
0.9996534825882104
0.9996534829704294
0.9996534827769477
0.9996534832643763
[24.44479131  0.526098  ]
0.9996534825037038
0.9996534825343543
0.9996534830728214
0.9996534828810721
[24.44479131  0.526098  ]
0.9996534824370933
0.9996534826636851
0.9996534830247809
0.999653482697498
[24.44479131  0.526098  ]
0.9996534829970896
0.9996534829199488
0.9996534827170206
