Optimizing ARP for b =  200.0
Optimizing Delta, T, and phases
0.9994784452515346
0.9995616360242953
0.9994784452515346
0.9995616360277261
0.9995627002619093
[24.725  0.486]
0.9995293562690839
0.9995539793129374
[24.725  0.486]
0.999546251462808
0.9995618034379992
[24.725  0.486]
0.9995474008606313
0.9995644164001929
[24.45546875  0.5180625 ]
0.9995643313919119
[24.45546875  0.5180625 ]
0.9995608578927078
0.9995642105371406
[24.45546875  0.5180625 ]
0.9995626936395832
0.9995645231500425
[24.49589844  0.50245313]
0.9995642558823359
0.9995645175913698
[24.49589844  0.50245313]
0.9995647079759006
0.9995646647395559
[24.47006836  0.48842578]
0.9995643066084762
0.9995644122678209
0.9995646322651661
0.999564439020309
[24.47006836  0.48842578]
0.9995644730593486
0.9995645646997388
[24.47006836  0.48842578]
0.9995647445947853
0.9995644387862638
[24.4631897   0.49408154]
0.9995644364210416
0.9995646805184883
[24.4631897   0.49408154]
0.9995644020826944
0.999564703356013
[24.4631897   0.49408154]
0.9995647477939158
0.9995644010908853
[24.46254044  0.49020721]
0.9995644152831339
0.9995647268951068
[24.46254044  0.49020721]
0.999564397455855
0.9995647370523605
[24.46254044  0.49020721]
0.9995643886636655
0.9995647414669676
[24.46254044  0.49020721]
0.9995647513320547
0.9995643884079678
[24.46196465  0.4926092 ]
0.9995643869398008
0.9995647480379465
[24.46196465  0.4926092 ]
0.999564750580268
[24.46196465  0.4926092 ]
0.9995643857492028
0.9995647487362664
[24.46196465  0.4926092 ]
0.9995647523346813
0.9995643857492028
[24.46172194  0.49444461]
0.9995647535231404
0.9995643871109079
[24.46154125  0.49190695]
0.9995643876407763
0.9995647524349972
[24.46154125  0.49190695]
0.999564753528129
0.99956475294672
[24.46161744  0.49035483]
0.9995643860183974
0.9995647525051592
[24.46161744  0.49035483]
0.999564386109705
0.9995647532761806
[24.46161744  0.49035483]
0.9995643857611167
0.9995647533568874
[24.46161744  0.49035483]
0.9995647535951884
0.9995643857611167
[24.461552    0.49091069]
0.9995647528601002
0.9995647530908497
0.999564753333291
0.9995647531115552
[24.461552    0.49091069]
0.999564752541275
0.9995647535678368
[24.461552    0.49091069]
0.999564753350604
0.9995647529504664
0.999564753293535
0.9995647533116949
[24.461552    0.49091069]
0.9995647536809915
0.9995647528409485
[24.46156561  0.49068194]
0.99956475333657
0.9995647535341404
[24.46156561  0.49068194]
0.9995647532355144
0.9995647539261326
[24.46155642  0.49080246]
0.9995647538264353
[24.46155642  0.49080246]
0.9995647534988151
0.9995647534916356
0.9995647531672242
0.9995647526531083
[24.46155642  0.49080246]
0.9995647533993505
[24.46155642  0.49080246]
0.9995647531670341
0.9995647533186067
[24.46155642  0.49080246]
0.9995647539261326
Phase:  [0.61339936 0.61317123 0.61336929 0.61324615 0.61313062]
Final Fidelity:  0.9995647539261326
Final Params:  [24.46155642  0.49080246]
