Optimizing ARP for b =  400.0
Optimizing Delta, T, and phases
0.9993863827641378
0.9993993246205317
0.9993863827641378
0.9993993272577295
0.9993862845791058
[24.15   0.513]
0.9993641986936823
0.9994009942178003
[23.575    0.53325]
0.9994009937113436
[23.575    0.53325]
0.9993863827641378
0.9994018787025378
[23.8625    0.516375]
0.9994018794722551
0.999400989883717
[23.8625    0.543375]
0.9993993272577295
0.999401965130309
[23.71875    0.5315625]
0.999401965130309
[23.71875    0.5315625]
0.9994009939852332
0.9994019836326222
[23.790625    0.54421875]
0.999401983176137
[23.790625    0.54421875]
0.9994018794722551
0.9994020347247478
[23.7546875   0.53114062]
0.9994020341470354
[23.7546875   0.53114062]
0.999401965130309
0.9994019751523098
0.9994020331986861
0.9994019759312499
[23.7546875   0.53114062]
0.9994020044761867
0.9994019504340039
0.9994020347247478
0.9994020273646748
[23.7546875   0.53114062]
0.9994019504340039
0.9994019539828543
0.9994020347247478
0.9994019539828543
[23.7546875   0.53114062]
0.9994020088950399
0.9994020179491989
[23.7546875   0.53114062]
0.9994019703634279
0.9994019771050657
0.9994020347247478
0.9994019771050657
[23.7546875   0.53114062]
0.9994020021254503
0.9994020177392524
[23.7546875   0.53114062]
0.9994019998128387
0.999402026549022
[23.7546875   0.53114062]
0.999401990287099
0.9994020310587322
[23.7546875   0.53114062]
0.9994020395300832
0.999401990287099
[23.75454712  0.53198602]
0.9994020395300832
[23.75454712  0.53198602]
0.9994019896025148
0.9994020356888161
[23.75454712  0.53198602]
0.9994020403598438
0.9994019896025148
[23.75447693  0.5311431 ]
0.9994020403294721
[23.75447693  0.5311431 ]
0.9994019896025148
0.9994020395174549
0.999402039149619
0.9994020395174549
[23.75447693  0.5311431 ]
0.9994020397263664
[23.75447693  0.5311431 ]
0.999402040656906
0.9994020397750774
[23.75447693  0.53029935]
0.9994020414150169
0.9994019913784549
[23.75444183  0.53072163]
0.9994020414150169
[23.75444183  0.53072163]
0.9994019915746667
0.9994020413780914
[23.75444183  0.53072163]
0.999401991141572
0.9994020407348758
0.9994020414150169
0.9994020407348758
[23.75444183  0.53072163]
0.9994019903239593
0.9994020415624316
[23.75444622  0.53051064]
0.9994020412940489
0.9994020419065197
[23.75444293  0.53045795]
0.9994020415035483
0.9994020412888148
0.9994020413895458
0.9994020409994578
[23.75444293  0.53045795]
0.9994020403879202
0.9994020410151041
[23.75444293  0.53045795]
0.9994020419065197
Phase:  [0.24416516 0.24414226 0.24419371]
Final Fidelity:  0.9994020419065197
Final Params:  [23.75444293  0.53045795]
