0 1.0
1 0.9995935629453668
2 0.9995935629453668
3 0.9996159250345994
4 0.9995935629453668
5 0.9996161379168108
6 0.9996161860469424
7 0.9991310662091625
8 0.9995935629453668
9 0.99961629787824
10 0.999616251022018
11 0.9991319137117672
12 0.9996161331064897
13 0.999131048309743
14 0.9991305837418444
15 0.9983087534650162
16 0.999593562945367
17 0.9996172563595692
18 0.9996163271366867
19 0.9991259775595166
20 0.99961652540811
21 0.9991268496608405
22 0.9991281321926938
23 0.9983036812285887
24 0.9996170822732369
25 0.9991279174542002
26 0.9991289102375754
27 0.9983040188802832
28 0.9991299181043453
29 0.9983047076990831
30 0.998305972220594
31 0.9997626256446812
32 0.9927965433216618
lambda is 0.2340675194207874, F=0.9924680279652637

Optimizing ARP for b =  200.0
Delta_b =  1.25
Final Fidelity: 0.9990760774712465
6917
