0 1.0
1 0.9979042717394668
2 0.9979042717394668
3 0.9996317602745698
4 0.9979042717394668
5 0.9996317514688947
6 0.999631727349222
7 0.9997542324123494
8 0.9979042717394668
9 0.9996317397846004
10 0.9996316654340189
11 0.9997389689540623
12 0.9996317619838702
13 0.9997382435256122
14 0.9997457539815003
15 0.9996631976307377
16 0.9979042717394667
17 0.9996317053970818
18 0.9996316814150432
19 0.9996851915463473
20 0.9996316639478107
21 0.9996848858349761
22 0.99969676667121
23 0.9995578048178879
24 0.9996316921032914
25 0.9996977311781832
26 0.9997133783957847
27 0.9995682020281669
28 0.9997254257067512
29 0.9995767878765844
30 0.9996013989421678
31 0.9988604141673613
32 0.9949901868653004
lambda is 0.19738613486748846, F=0.9946269824977482

Optimizing ARP for b =  200.0
Delta_b =  5.0
Final Fidelity: 0.9992374872239613
