0 1.0
1 0.9979042717394668
2 0.9979042717394668
3 0.9996318202545483
4 0.9979042717394668
5 0.9996316688695178
6 0.9996320842715565
7 0.9997441198937511
8 0.9979042717394668
9 0.9996317602745698
10 0.9996317423658319
11 0.9996790984841346
12 0.9996317619838702
13 0.9996642953292931
14 0.9996983816254409
15 0.9995310429165185
16 0.9979042717394667
17 0.9996318955512032
18 0.9996319176516518
19 0.99937756051274
20 0.9996315752370498
21 0.9993140207727224
22 0.9993676473414362
23 0.9988728421349266
24 0.9996316388301325
25 0.9992851403389311
26 0.9993939235762382
27 0.9988309536720296
28 0.99948111344919
29 0.9988335778800563
30 0.9989627398193724
31 0.9979293238210009
32 0.9902982464045533
lambda is 0.2675520281985958, F=0.9900388967179834

Optimizing ARP for b =  200.0
Delta_b =  12.5
Final Fidelity: 0.9989122197563516
