0 1.0
1 0.9979042717394668
2 0.9979042717394668
3 0.9996316688695178
4 0.9979042717394668
5 0.9996317763432614
6 0.9996317320146925
7 0.999747544815574
8 0.9979042717394668
9 0.9996317514688947
10 0.9996317397846002
11 0.9997006651566438
12 0.9996317619838702
13 0.9996929171088897
14 0.99971709127879
15 0.9995804423412216
16 0.9979042717394667
17 0.9996316814150434
18 0.9996316921032914
19 0.9995017296959033
20 0.999631717550753
21 0.9994741532149329
22 0.9995118431233504
23 0.9991617649359732
24 0.9996316413239275
25 0.9994809928001445
26 0.9995478109176795
27 0.9991592600798994
28 0.9996004854683357
29 0.9991711823708881
30 0.9992583357648854
31 0.9983411384236517
32 0.9923871580178788
lambda is 0.24228292286971775, F=0.9920748104833814

Optimizing ARP for b =  200.0
Delta_b =  10.0
Final Fidelity: 0.9990567586990858
