Optimizing ARP for b =  90.0
Optimizing Delta, T, and phases
0.9716293688735744
0.9712691112053569
0.9699876137854212
0.9723488678230635
0.9723870112985696
[24.725  0.486]
0.9735052538365818
0.9742008153594901
[23.2875  0.459 ]
0.9697298890768495
0.972946835882524
[23.2875  0.459 ]
0.9746113592492005
0.9725519332864547
[22.065625  0.47925 ]
0.9742108568158617
[22.065625  0.47925 ]
0.970215487708113
0.9745033009916049
[22.065625  0.47925 ]
0.9734308538258097
0.9741352288876335
0.9745804793581275
0.9740672542300947
[22.065625  0.47925 ]
0.9742177784097206
0.9745263432269679
[22.065625  0.47925 ]
0.9744191038920597
0.9745995709037706
[22.065625  0.47925 ]
0.974512536933065
0.9746057005044354
[22.065625  0.47925 ]
0.9745827988052251
0.9745983098562137
0.974602575558984
0.9746102444689139
[22.065625  0.47925 ]
0.9746037580680603
0.9746073923264118
[22.065625  0.47925 ]
0.974611666780265
0.9746025586623797
[22.13813171  0.47770093]
0.9746066175843006
0.9746115815889509
[22.13813171  0.47770093]
0.9745989904164372
0.974611242538552
0.974612755670865
0.9746130146837055
[22.10187836  0.47847546]
0.974609532009678
0.974604111084024
0.9746120557274851
0.974611487070383
[22.10187836  0.47847546]
0.9746112485089111
0.9746141977315567
[22.11521564  0.47824279]
0.974611272673893
0.9746117321946974
0.9746122180715717
0.9746129294857631
[22.11521564  0.47824279]
0.974612185595054
0.974611808021796
0.9746129294358021
0.9746113546161399
[22.11521564  0.47824279]
0.9746108248510671
0.9746126369228307
[22.11521564  0.47824279]
0.9746117539936616
0.9746140331165054
[22.11521564  0.47824279]
0.9746121655378452
0.9746150708054581
[22.11556514  0.47825779]
0.9746018295572185
0.9746132934542064
0.9746148097210245
0.9746042320422568
[22.11556514  0.47825779]
0.9746128246308697
0.9746131656054372
[22.11556514  0.47825779]
0.9746124632260723
0.9746122353941118
0.9746140978075357
0.974612507185938
[22.11556514  0.47825779]
0.9746150708054581
Phase:  [1.08108268 0.00882526 0.00918964 0.00866207 0.00886778]
Final Fidelity:  0.9746150708054581
Final Params:  [22.11556514  0.47825779]
