Optimizing ARP for b =  70.0
Optimizing Delta, T, and phases
0.9312940878860587
0.9307948191463611
0.9260033645842519
0.9357108103576948
0.9397365910737194
[24.725  0.486]
0.9406583499604244
0.9447983024519738
[23.2875  0.459 ]
0.9489576594152542
0.9289165121298524
[25.0125  0.405 ]
0.9484109928340982
[25.0125  0.405 ]
0.9161579209858413
0.9488235849666016
[25.0125  0.405 ]
0.943810606210393
0.9512006572108745
[23.98828125  0.3965625 ]
0.9472857134802722
0.9498540993458856
[23.98828125  0.3965625 ]
0.9520110968130281
0.9526380943908324
[22.17568359  0.40436719]
0.9500062285212726
0.9521893705019928
[22.17568359  0.40436719]
0.9516065849201222
0.9524674599188102
[22.17568359  0.40436719]
0.9519981145124798
0.9525806705466527
[22.17568359  0.40436719]
0.9524075114405632
0.9526628107428724
[21.87071495  0.40099631]
0.9525185416095906
0.9526857331538212
[22.11490088  0.40051366]
0.9522617254718996
0.952709541984881
[22.08424575  0.40256109]
0.9526699615540721
0.9526975020877262
[22.08424575  0.40256109]
0.9526586562921777
0.9527028952134688
[22.08424575  0.40256109]
0.9527097588201304
0.9527008276953187
[22.00225576  0.40210226]
0.952700868476553
0.9527091723990357
[22.00225576  0.40210226]
0.9527080944176897
0.9527018832177682
0.9527122819222842
0.9527108930550555
[22.04325076  0.40233167]
0.9527092328298252
0.9527108855027746
[22.04325076  0.40233167]
0.9526992741725173
0.9527106594496906
0.9527125319330856
0.9527111940698574
[22.04409722  0.4021515 ]
0.9527102828966536
0.9527121781076575
[22.04409722  0.4021515 ]
0.9527102732148558
0.9527127970385195
[22.0410589   0.40223851]
0.9527105750555076
0.952711790703944
0.9527111340147355
0.9527114301243159
[22.0410589   0.40223851]
0.9527109787366808
0.9527127663723314
[22.0410589   0.40223851]
0.9527103422857676
0.9527113397342719
0.9527124946402381
0.9527107540577564
[22.0410589   0.40223851]
0.9527117068720793
0.9527119551165333
[22.0410589   0.40223851]
0.952712280395104
0.9527110389359463
0.9527112955065348
0.952711862870192
[22.0410589   0.40223851]
0.9527112321143412
0.952710132960292
0.9527130906594035
0.9527111550632028
[22.0410873   0.40223465]
0.9527101333074055
0.9527040179910581
0.952702169294712
0.9527106322584475
[22.0410873   0.40223465]
0.9527130906594035
Phase:  [1.17852828 0.105961   0.105796   0.10567378]
Final Fidelity:  0.9527130906594035
Final Params:  [22.0410873   0.40223465]
