Optimizing ARP for b =  310.0
Optimizing Delta, T, and phases
0.9913061890365602
0.990378032041991
0.9917689624318689
0.9922497807492277
0.992360907394525
[20.7     0.5805]
0.9926358872635292
0.9926848066200756
[19.55     0.64125]
0.9913995922283125
0.9924704171975487
[19.55     0.64125]
0.9924687777259527
0.9926164973159768
[19.55     0.64125]
0.9922153676937444
0.992635792899217
[19.55     0.64125]
0.9926681084807047
[19.55     0.64125]
0.9925393936973563
0.9926858950301183
[20.24628906  0.62218652]
0.992651988131127
0.9926945655763524
[19.87680664  0.62672827]
0.9926387844782849
0.9926987346225074
[19.80577393  0.6328537 ]
0.992686219239079
0.992696572949649
[19.80577393  0.6328537 ]
0.99268869574336
0.9926979705127366
[19.80577393  0.6328537 ]
0.9926982004835968
[19.80577393  0.6328537 ]
0.9926938540520412
0.992699945522757
[19.84284763  0.63051044]
0.9926985390529399
0.9926991915212542
[19.84284763  0.63051044]
0.9926989888322785
0.9926993772927892
[19.84284763  0.63051044]
0.9926987111887321
0.9926994902732195
[19.84284763  0.63051044]
0.9926995093578657
[19.84284763  0.63051044]
0.9926993224688011
0.9926962145137298
0.9926944793488357
0.9926998179054449
[19.84284763  0.63051044]
0.992700038866054
0.9926987004023724
[19.81849909  0.63082256]
0.9927004666796049
0.9926998172887275
[19.84699754  0.63014591]
0.9927002073196144
[19.84699754  0.63014591]
0.9926990305835894
0.9926990859368661
0.992699780259685
0.9926992852599604
[19.84699754  0.63014591]
0.9926971351197746
0.9926991427373099
0.9926998615634093
0.9926990852471205
[19.84699754  0.63014591]
0.9926989644506004
0.9926994449768309
[19.84699754  0.63014591]
0.9926994566582052
0.9926989809882465
0.9926995833515364
0.9926938327259918
[19.84699754  0.63014591]
0.9926993584328578
0.9926994503434299
[19.84699754  0.63014591]
0.9926997901685202
[19.84699754  0.63014591]
0.9926991381613568
0.9926991995330664
0.9926994118389922
0.9926994223693331
[19.84699754  0.63014591]
0.9926994159668932
0.992699939562192
[19.84699754  0.63014591]
0.9926997754096045
0.9927000573459169
[19.84699754  0.63014591]
0.9926959232143984
0.9926989786228767
0.9926995263827314
0.992696888484067
[19.84699754  0.63014591]
0.9926997563109852
[19.84699754  0.63014591]
0.9926995943952269
0.9926992920993569
0.9926993870012449
0.9926992390888404
[19.84699754  0.63014591]
0.9926996411947523
[19.84699754  0.63014591]
0.9926991984152868
0.9926991775848533
0.9926994524599723
0.9926997223286217
[19.84699754  0.63014591]
0.9926995268073425
0.9926995117565715
0.9926994928140266
0.992699672522477
[19.84699754  0.63014591]
0.9927004666796049
Phase:  [0.39982891 0.04141545 0.04125758 0.04129152]
Final Fidelity:  0.9927004666796049
Final Params:  [19.84699754  0.63014591]
