Optimizing ARP for b =  400.0
Optimizing Delta, T, and phases
0.9973600080082121
0.9974099282080713
0.9970303368947261
0.9974512044294268
0.9971861364174082
[24.15   0.513]
0.9974595684706412
0.9974204595666663
[25.3    0.513]
0.9973477666189969
0.9974740859323151
[24.4375  0.5265]
0.9974023601222076
0.9974805654723685
[24.509375  0.516375]
0.9974696751533885
0.997485290869488
[24.06015625  0.52565625]
0.9974672736642687
0.9974838943040731
[24.06015625  0.52565625]
0.9974496439822594
0.9974769941594224
0.9974842698057158
0.9974862477401722
[24.28476563  0.52101562]
0.9974872589608963
0.9974833145793847
[24.13427734  0.52196484]
0.9974814535847862
0.9974789476377948
0.9974859052870484
0.997487461941445
[24.0972168   0.52381055]
0.9974863730061365
0.9974865164245986
[24.0972168   0.52381055]
0.9974864035111073
0.9974872129988013
[24.0972168   0.52381055]
0.9974802821977709
0.9974857410475679
0.9974861432674745
0.9974862752283895
[24.0972168   0.52381055]
0.9974847768078399
0.9974864837099718
[24.0972168   0.52381055]
0.9974863483408543
0.997484605138801
0.997486177609958
0.9974864142225865
[24.0972168   0.52381055]
0.9974867122225648
[24.0972168   0.52381055]
0.9974847450833059
0.9974870466444564
[24.0972168   0.52381055]
0.9974794842808203
0.9974858829747013
0.99748586019948
0.9974862401991585
[24.0972168   0.52381055]
0.9974858623026666
0.9974771836564347
0.9974856001008117
0.9974856940352732
[24.0972168   0.52381055]
0.9974864503424888
[24.0972168   0.52381055]
0.9974778366621103
0.9974847477776478
0.9974854072709174
0.9974859668942515
[24.0972168   0.52381055]
0.9974854874583814
0.9974854564396035
0.9974847127512011
0.9974855335376557
[24.0972168   0.52381055]
0.9974780061738264
0.997486973993029
[24.0972168   0.52381055]
0.9974854192216602
0.9974852832871524
0.997485855671004
0.9974858908004772
[24.0972168   0.52381055]
0.9974857629542315
0.9974852456659768
0.9974846801129178
0.9974857061727643
[24.0972168   0.52381055]
0.997487461941445
Phase:  [0.27654954 0.27623306 0.27633578 0.27632061]
Final Fidelity:  0.997487461941445
Final Params:  [24.0972168   0.52381055]
