Optimizing ARP for b =  200.0
Optimizing Delta, T, and phases
0.989233817592797
0.988341860800364
0.9895963533048551
0.990046190933708
0.9900494675202828
[20.7     0.5805]
0.9901141406802787
0.9897945544337152
[20.7     0.6075]
0.9885487593144738
0.9900818728605933
[20.7     0.6075]
0.989875078831803
0.9901485115257014
[20.9875   0.58725]
0.9899394506146486
0.9901536579633564
[21.346875   0.5889375]
0.9900868275835273
0.9901496917925148
[21.346875   0.5889375]
0.9901204263903923
0.9901585470693973
[21.06386719  0.59030859]
0.9901427904754205
0.9901587133351974
[21.06948242  0.59370996]
0.9901393280353034
0.9901600127669101
[21.2067749   0.59047339]
0.990152903817898
0.9901614669627031
[21.10099792  0.59120013]
0.9901600584054836
[21.10099792  0.59120013]
0.9901600627627802
[21.10099792  0.59120013]
0.9901553807227672
0.9901603986326835
[21.10099792  0.59120013]
0.9901594469164683
0.9901602569886865
[21.10099792  0.59120013]
0.9901622970532064
0.9901594469164683
[21.14263401  0.59077074]
0.9901584648795456
0.990159880592242
0.9901608392118576
0.9901601080190672
[21.14263401  0.59077074]
0.990159574473473
0.990152656280512
0.9901601427547361
0.9901604424429287
[21.14263401  0.59077074]
0.9901597883757481
0.9901621248811144
[21.14263401  0.59077074]
0.9901599212836706
0.9901601848770553
0.9901604123984004
0.9901610904090019
[21.14263401  0.59077074]
0.9901605035482879
0.9901595187881307
0.9901609368361108
0.9901533101630312
[21.14263401  0.59077074]
0.9901598068305636
0.9901600047418522
[21.14263401  0.59077074]
0.9901614871239436
[21.14263401  0.59077074]
0.9901603623850849
0.9901608463168649
0.9901599494522493
0.9901599198725162
[21.14263401  0.59077074]
0.9901606289141369
[21.14263401  0.59077074]
0.9901609528456137
[21.14263401  0.59077074]
0.9901601548651239
0.9901616823139936
[21.14263401  0.59077074]
0.9901601668171993
0.9901613597562116
[21.14263401  0.59077074]
0.9901602730470853
0.9901604026796061
0.9901618077822042
0.9901595697896006
[21.14263401  0.59077074]
0.9901607602778651
0.9901600542026676
0.9901509296291853
0.9901606351029333
[21.14263401  0.59077074]
0.9901599032882049
0.9901608860555442
[21.14263401  0.59077074]
0.9901609768255243
[21.14263401  0.59077074]
0.9901606669396514
0.9901617944717374
[21.14263401  0.59077074]
0.9901589764023373
0.9901599725361008
0.9901620399412645
0.9901601021896126
[21.14263401  0.59077074]
0.9901622970532064
Phase:  [0.58660748 0.0070847  0.00685846 0.00704544 0.00708447]
Final Fidelity:  0.9901622970532064
Final Params:  [21.14263401  0.59077074]
