Optimizing ARP for b =  400.0
Optimizing Delta, T, and phases
0.9980174601899306
0.9981769845861386
0.9978914294242605
0.9979499550932917
0.998093480111918
[24.15  0.54]
0.9981680742427279
[24.15  0.54]
0.9981567190640276
0.9981823849310001
[24.940625  0.536625]
0.9981499570299883
0.9981779882010451
[24.940625  0.536625]
0.9981566096845371
0.9981849454936309
[24.50488281  0.53725781]
0.9981777364431245
0.9981809165537954
[24.50488281  0.53725781]
0.998180822139033
0.9981832965280906
[24.50488281  0.53725781]
0.9981733243760248
0.9981795824965052
0.9981827966091155
0.998183983024065
[24.50488281  0.53725781]
0.9981878873733894
0.9981813631718702
[24.60679932  0.5376665 ]
0.9981895895819897
0.9981824561646331
[24.38892822  0.53798291]
0.9981833139333588
0.9981757604615125
0.9981888312518643
0.9981866066845776
[24.38892822  0.53798291]
0.998186384878267
0.9981719778079956
0.998180991978851
0.9981835747875433
[24.38892822  0.53798291]
0.9981828901711041
0.9981848525314345
[24.38892822  0.53798291]
0.9981852586338091
[24.38892822  0.53798291]
0.9981692155804265
0.9981902342264465
[24.37756176  0.53795592]
0.9981843688416159
0.998180585388982
0.9981817314726273
0.9981862788587943
[24.37756176  0.53795592]
0.9981836613117789
0.9981872050219501
[24.37756176  0.53795592]
0.9981827625041793
0.9981888618742935
[24.37756176  0.53795592]
0.9981918800662823
0.9981851838147142
[24.3804153   0.53795749]
0.9981842803851537
0.9981809434526435
0.9981910669356291
0.998181330111678
[24.3804153   0.53795749]
0.9981830306820803
0.9981809167139255
0.9981914779599936
0.998188442118531
[24.3804153   0.53795749]
0.9981810938666691
0.9981831683465285
0.9981916780246086
0.9981832444612404
[24.3804153   0.53795749]
0.9981865029387409
0.9981891554665037
[24.3804153   0.53795749]
0.9981944169623144
0.9981832444612404
[24.37960678  0.53795964]
0.9981808139066968
0.9981924238132034
[24.37960678  0.53795964]
0.9981811197578304
0.9981926483583141
[24.37960678  0.53795964]
0.9981808649330229
0.9981929749263783
[24.37960678  0.53795964]
0.998180932157557
0.9981931793550036
[24.37960678  0.53795964]
0.9981808264303629
0.9981933879185632
[24.37960678  0.53795964]
0.9981808048670772
0.9981935300542449
[24.37960678  0.53795964]
0.9981807137486911
0.9981936655883197
[24.37960678  0.53795964]
0.9981807680815948
0.9981938268524332
[24.37960678  0.53795964]
0.9981807315709597
0.9981938999005207
[24.37960678  0.53795964]
0.9981945268300926
0.9981810628427301
[24.37957716  0.53795973]
0.9981812237794098
0.9981941882027937
[24.37957716  0.53795973]
0.9981945268300926
Phase:  [0.30435799 0.30432408 0.30395476 0.304028   0.30410582]
Final Fidelity:  0.9981945268300926
Final Params:  [24.37957716  0.53795973]
