Optimizing ARP for b =  110.0
Optimizing Delta, T, and phases
0.9787107703467735
0.9781684364622887
0.9778146717032011
0.9784403078438062
[23.    0.54]
0.9792740996743163
0.979983127602255
[22.425   0.4995]
0.9798132621121559
[22.425   0.4995]
0.9792346031021582
0.9806634921453058
[21.275   0.4995]
0.9798654002955507
0.9802768961137008
[21.275   0.4995]
0.9798133916112755
0.980326544747977
[21.275   0.4995]
0.9805788915321558
[21.275   0.4995]
0.9807018877775959
0.9804397688322791
[20.4125  0.513 ]
0.9805012781327362
0.9806850315344057
[20.4125  0.513 ]
0.9805140800187702
0.9807185182363681
[20.99648438  0.50498437]
0.980689029001136
0.9807212384876219
[20.54501953  0.50951953]
0.9806932225064681
0.980723693813204
[20.59162598  0.51012598]
0.9806526014793213
0.9807295029260042
[20.78240356  0.50740356]
0.9807229647104038
0.9807285691314231
[20.78240356  0.50740356]
0.9807196687645383
0.9807276734272048
[20.78240356  0.50740356]
0.9807280215687576
0.9807211573356682
0.980730570841256
0.9807278285905857
[20.77020798  0.50789548]
0.9807283169349872
0.9807273166101471
0.9807294671054873
0.9807285992394403
[20.77020798  0.50789548]
0.9807308132570051
0.9807299878119227
[20.79557962  0.50749369]
0.9807281204318739
0.9807289115511555
0.9807300182690392
0.9807280387532747
[20.79557962  0.50749369]
0.9807281612654822
0.9807279088141294
0.9807284928335964
0.9807273350324917
[20.79557962  0.50749369]
0.9807289236541434
[20.79557962  0.50749369]
0.9807185100037049
0.980728069310574
0.980727360569508
0.9807287215947912
[20.79557962  0.50749369]
0.9807289060727383
[20.79557962  0.50749369]
0.9807273255466362
0.9807297130314061
[20.79557962  0.50749369]
0.9807284398240254
0.9807281532044534
0.980728679566943
0.98072849009074
[20.79557962  0.50749369]
0.9807298666093841
[20.79557962  0.50749369]
0.9807294882715769
0.9807280437040993
0.980728456684021
0.9807290328340195
[20.79557962  0.50749369]
0.9807278929203882
0.9807282994691328
0.9807281420018711
0.9807281264778613
[20.79557962  0.50749369]
0.9807278589533035
0.9807280447023854
0.9807279486809036
0.9807297952408771
[20.79557962  0.50749369]
0.9807293061634217
0.9807304821469822
[20.79557962  0.50749369]
0.9807308132570051
Phase:  [0.93594555 0.01009513 0.00980141 0.01003302 0.00984065]
Final Fidelity:  0.9807308132570051
Final Params:  [20.79557962  0.50749369]
