Optimizing ARP for b =  400.0
Optimizing Delta, T, and phases
0.9926633987592858
0.9917106242535061
0.9932789041223817
0.9937801361693157
0.9939805712936102
[20.7     0.5805]
0.9944204341254463
0.9946914853400144
[19.55     0.64125]
0.9934939156527364
0.9943231128446396
[19.55     0.64125]
0.9940479946224392
0.994550029844528
[19.55     0.64125]
0.9946174701616163
[19.55     0.64125]
0.9945193289351364
0.9946710105206285
[19.55     0.64125]
0.9945057484121298
0.9946797198108601
[19.55     0.64125]
0.994663575909766
0.9946991968070581
[19.11088867  0.65664185]
0.9946564269680712
0.9947007026111041
[19.26278076  0.65573712]
0.9946275467687492
0.9947063174033888
[19.36841736  0.64871974]
0.994700366830721
0.9947046698833367
[19.36841736  0.64871974]
0.9946968963278072
0.9947053008455404
[19.36841736  0.64871974]
0.9947069289195662
0.9947062720582214
[19.27844639  0.65125194]
0.9947062526264993
0.9947069335839596
[19.32115617  0.6487018 ]
0.994707658536185
0.9947051975472234
[19.2311852  0.651234 ]
0.9947066283498277
0.9947073576171621
[19.2311852  0.651234 ]
0.9947060098886138
0.9947074408137057
[19.2311852  0.651234 ]
0.9947069832333021
0.994707215222132
0.9947038350284871
0.9947074429359516
[19.2311852  0.651234 ]
0.9947070247267388
0.9947070911110396
[19.2311852  0.651234 ]
0.9947073371723506
0.9947078129661086
[19.24689786  0.65093922]
0.994706836960896
0.9947072535759187
0.994707242541787
0.994708234849086
[19.25057237  0.65093059]
0.9947072667327181
0.9947072949352715
[19.25057237  0.65093059]
0.9947071393271735
0.9947071232932543
0.9947081016710014
0.9947072947109941
[19.25057237  0.65093059]
0.9947075917410665
0.9947074494055699
0.9947078482896237
0.9947071862695638
[19.25057237  0.65093059]
0.9947069891596674
0.9947069079861334
0.9947053926037794
0.9947075341788717
[19.25057237  0.65093059]
0.9947073139256741
0.9947071951162761
0.9947070101747199
0.9947043735636868
[19.25057237  0.65093059]
0.994707843939211
[19.25057237  0.65093059]
0.9947076544256465
0.994707288820085
0.994707541065182
0.9947080497828765
[19.25057237  0.65093059]
0.9947038640437474
0.9947073681826382
0.9947077112618108
0.9947080910299784
[19.25057237  0.65093059]
0.9947079752969443
0.9947075471911997
0.9947075552719188
0.9947071805984995
[19.25057237  0.65093059]
0.994708234849086
Phase:  [0.3210926  0.03404974 0.03414275 0.03402342]
Final Fidelity:  0.994708234849086
Final Params:  [19.25057237  0.65093059]
