Optimizing ARP for b =  290.0
Optimizing Delta, T, and phases
0.9908223054973129
0.9899019913441951
0.9912291268613104
0.9917038853077504
0.9917829478092375
[20.7     0.5805]
0.9919996738110519
0.9919696291058414
[20.7     0.6075]
0.9907839978417585
0.9917886916748134
[20.7     0.6075]
0.991720983311585
0.991905769086537
[20.7     0.6075]
0.9919303978178924
[20.7     0.6075]
0.991992133371047
[20.7     0.6075]
0.9919720375948197
0.9920097024832095
[20.26875   0.624375]
0.9919086351363234
0.9920174619254422
[20.0171875   0.62521875]
0.9919632499567894
0.9920151678939426
[20.0171875   0.62521875]
0.9920130506692714
0.9920181589471129
[20.19462891  0.61883789]
0.9920092032372282
0.9920140030724744
0.9920186638186613
0.9920128484203734
[20.1059082   0.62202832]
0.9920159962372869
0.992017519343576
[20.1059082   0.62202832]
0.9920186590194673
[20.1059082   0.62202832]
0.9920199388083788
0.9920179313087503
[20.14044189  0.62215356]
0.9920174562539948
0.9920187029057375
[20.14044189  0.62215356]
0.9920184000255524
0.9920187590644522
[20.14044189  0.62215356]
0.9920186492266788
0.9920192277285202
[20.14044189  0.62215356]
0.9920189930361915
0.9920190165646474
[20.14044189  0.62215356]
0.9920191914472221
0.9920194119245238
[20.14044189  0.62215356]
0.992019318128196
0.9920183553646841
0.9920195894131123
0.9920195896633606
[20.14044189  0.62215356]
0.9920197098657242
[20.14044189  0.62215356]
0.9920188878415074
0.9920185966683422
0.9920193802031988
0.9920196660874772
[20.14044189  0.62215356]
0.9920192796858786
0.9920193601432028
0.992019339755639
0.992018584896579
[20.14044189  0.62215356]
0.9920185305972151
0.992018579122747
0.9920185584172221
0.9920186574129956
[20.14044189  0.62215356]
0.9920154902093387
0.992019411564546
[20.14044189  0.62215356]
0.9920184484639543
0.9920192492811468
[20.14044189  0.62215356]
0.9920192236653312
0.9920181465521215
0.9920189606146727
0.9920199628492677
[20.14071352  0.62214177]
0.9920189719488288
0.9920180908297418
0.9920190332831675
0.992014413450856
[20.14071352  0.62214177]
0.9920187038716048
0.992019121300698
[20.14071352  0.62214177]
0.9920189349954444
0.9920190246794096
0.9920164905047837
0.9920163654049718
[20.14071352  0.62214177]
0.9920199628492677
Phase:  [0.42134882 0.04309999 0.04312714 0.04334332]
Final Fidelity:  0.9920199628492677
Final Params:  [20.14071352  0.62214177]
