Optimizing ARP for b =  500.0
Optimizing Delta, T, and phases
0.9984773956286628
0.9986400775543127
0.9983965440636069
0.9983689593473779
0.9985219639730631
[24.15  0.54]
0.9986194239482743
[24.15  0.54]
0.9986199684172952
[24.15  0.54]
0.9986059139976149
0.9986367501041185
[24.15  0.54]
0.9985793219319786
0.9986210193867386
[24.15  0.54]
0.998629564888421
0.9986380794635678
[24.15  0.54]
0.9986026360024705
0.9986461416221015
[24.36113281  0.54442969]
0.9986449381975574
[24.36113281  0.54442969]
0.9986427540114803
0.9986451949925423
[24.36113281  0.54442969]
0.9986405996735057
0.998648846264875
[24.39987793  0.54208301]
0.998635618435116
0.9986436229784794
0.9986417686354024
0.9986477484668068
[24.39987793  0.54208301]
0.9986431766198433
0.9986527652602849
[24.4396759   0.54202039]
0.9986437293610966
0.9986428617221541
0.9986460812799229
0.9986479712310525
[24.4396759   0.54202039]
0.9986482341540258
[24.4396759   0.54202039]
0.9986458353537573
0.9986461650155943
0.9986453618428512
0.9986283724600084
[24.4396759   0.54202039]
0.9986375034013604
0.9986492856737433
[24.4396759   0.54202039]
0.9986433247346559
