Optimizing ARP for b =  370.0
Optimizing Delta, T, and phases
0.9923195286474943
0.9913722180817237
0.9928968319533473
0.993391793251164
0.9935685556082365
[20.7     0.5805]
0.9939668346635444
0.9941815722080671
[19.55     0.64125]
0.9929616413872606
0.9938256650913315
[19.55     0.64125]
0.9934478092377554
0.9938584759679349
[19.55     0.64125]
0.9940062022971405
[19.55     0.64125]
0.9939983398332232
0.9940888536837047
[19.55     0.64125]
0.9941283249271081
[19.55     0.64125]
0.9939974531410302
0.9941574863884851
[19.55     0.64125]
0.9940939036776463
0.9941707310874865
[19.55     0.64125]
0.9941767113872539
[19.55     0.64125]
0.9941439182648402
0.9941827310502863
[19.35262451  0.64930353]
0.9941682391681319
0.994184074092021
[19.2867157   0.64707674]
0.9941663908404992
0.9941852618178528
[19.43483505  0.64472007]
0.99418107050657
0.9941848336201903
[19.43483505  0.64472007]
0.9941842574653053
0.9941847604523872
[19.43483505  0.64472007]
0.994185387025191
0.994184074092021
[19.3412416   0.64661863]
0.9941848785424333
0.9941856454085168
[19.40370752  0.64470354]
0.9941820932688287
0.9941834980681663
0.9941857598439501
0.9941853629218251
[19.37247456  0.64566108]
0.9941853871846995
0.9941857885951224
[19.37250091  0.64541756]
0.9941854862271003
0.9941855920157561
0.9941855287416461
0.9941856572737335
[19.37250091  0.64541756]
0.9941849941625498
0.9941856382745986
[19.37250091  0.64541756]
0.9941854947400808
0.9941855085402631
0.9941831568816676
0.9941862592761616
[19.37444803  0.64540338]
0.9941859619111842
[19.37444803  0.64540338]
0.9941858015231662
0.9941855091694366
0.9941856508332174
0.9941854930356786
[19.37444803  0.64540338]
0.9941856225597008
0.9941854727600812
0.9941858045607121
0.994185585777752
[19.37444803  0.64540338]
0.9941854351793945
0.9941856293578462
[19.37444803  0.64540338]
0.9941855902155405
0.9941834451068245
0.9941833865411291
0.9941853347067223
[19.37444803  0.64540338]
0.9941857132182157
[19.37444803  0.64540338]
0.9941855432174928
0.9941827673599102
0.9941859725279112
0.994186047071405
[19.37444803  0.64540338]
0.9941859698993885
0.9941857028838119
0.9941821222180405
0.9941854685080229
[19.37444803  0.64540338]
0.9941809493362201
0.9941860822389026
[19.37444803  0.64540338]
0.9941857781544844
0.9941825451016115
0.9941860909640489
0.9941858192804705
[19.37444803  0.64540338]
0.9941862592761616
Phase:  [0.34386758 0.03640587 0.03632416 0.03631974]
Final Fidelity:  0.9941862592761616
Final Params:  [19.37444803  0.64540338]
