Optimizing ARP for b =  130.0
Optimizing Delta, T, and phases
0.7625255042815313
0.7642374818760833
0.7599971737205554
0.7668096810996987
0.7703432277436085
[24.725  0.486]
0.7722907554182804
0.7777096020604417
[27.3125  0.459 ]
0.7850915715119876
0.7983722012948555
[29.75625  0.3375 ]
0.8058843722929728
0.7818131688175879
[32.34375  0.3105 ]
0.7768883430885752
0.7895301086855893
[32.34375  0.3105 ]
0.8019684994486745
[32.34375  0.3105 ]
0.7880244069151583
0.8040736582176676
[32.34375  0.3105 ]
0.7961283013714058
0.8063034921178098
[32.34375  0.2835 ]
0.8078328796669362
0.8071489555895032
[33.49375  0.2835 ]
0.8025611581608378
0.8070136319674885
[33.49375  0.2835 ]
0.808415892714393
0.8088756682563719
[34.5      0.30375]
0.809642294574789
0.8098398972322076
[36.728125  0.286875]
0.8104430362748019
0.8111412457528389
[39.8546875  0.3189375]
0.8086384767533641
0.8100971104124483
[39.8546875  0.3189375]
0.8114068635725659
0.8116474854121558
[40.91933594  0.35964844]
0.8119989871212634
0.8126466412617543
[48.36962891  0.41122266]
0.8107611903701394
0.8126745234830864
[42.24958496  0.35218652]
0.8131616761219911
0.8129265172391386
[49.69987793  0.40376074]
0.8129518466777734
[49.69987793  0.40376074]
0.813080620660815
[49.69987793  0.40376074]
0.8135086262678728
0.8137498270889273
[63.93533936  0.51064014]
0.8135294768779422
[63.93533936  0.51064014]
0.8121566941755755
0.813456054383723
[63.93533936  0.51064014]
0.8133556033963896
0.8132975094519486
0.8136852697385997
0.813324246978363
[63.93533936  0.51064014]
0.8133002615723315
0.8133588347047774
[63.93533936  0.51064014]
0.8135961725163587
0.813738018095476
[63.93533936  0.51064014]
0.8137486834243237
[63.93533936  0.51064014]
0.8137190208361604
0.8137686242810425
[64.48830833  0.51629137]
0.8136909645197632
0.8137741865830026
[64.66393576  0.51457678]
0.8137022745894719
0.8137728067739523
[64.66393576  0.51457678]
0.813770455740734
0.8137748691342956
[64.44559568  0.51256473]
0.8137675002737631
0.813776054040763
[64.40524821  0.51330393]
0.8137655361624784
0.8137765375922944
[64.54467885  0.51375555]
0.8137757148358116
0.8137763088934068
[64.54467885  0.51375555]
0.8137746363939851
0.8137766566245977
[64.46120568  0.51359391]
0.8137763395705189
0.8137761722422119
0.8137763094873992
0.8137756067300483
[64.46120568  0.51359391]
0.8137770204527465
0.8137763280339616
[64.48872138  0.51346557]
0.8137763821150875
0.813776691159232
[64.48872138  0.51346557]
0.8137765823304876
0.8137762891357847
0.8137769185076882
0.8137765503699959
[64.48872138  0.51346557]
0.8137760741269198
0.8137764438371596
0.8137769510976279
0.8137765231035636
[64.48872138  0.51346557]
0.8137743198543848
0.8137761904812625
0.8137760758189597
0.8137760602164085
[64.48872138  0.51346557]
0.8137763950881104
[64.48872138  0.51346557]
0.8137734082959082
0.8137765887308187
[64.48872138  0.51346557]
0.8137763487370357
0.8137757945114598
0.8137767060970427
0.8137747155747832
[64.48872138  0.51346557]
0.8137761388914785
0.8137767357007937
[64.48872138  0.51346557]
0.8137762371772712
0.8137763654216266
0.8137770348922648
0.8137764257882197
[64.48839848  0.51346681]
0.8137762001113592
0.8137736384333387
0.8137742250865758
0.8137764077830355
[64.48839848  0.51346681]
0.8137740790637358
0.8137768292227855
[64.48839848  0.51346681]
0.8137770348922648
Phase:  [-1.99229215  0.6802124   0.68068389]
Final Fidelity:  0.8137770348922648
Final Params:  [64.48839848  0.51346681]
