Optimizing ARP for b =  30.0
Optimizing Delta, T, and phases
0.661922943090355
0.6593826162706459
0.7046970027139975
0.7274514101100071
0.7385525380330681
[20.7     0.5805]
0.6935394756593137
0.6932370236413472
0.7185692910888892
0.7278623909600543
[20.7     0.5805]
0.7551426512616486
0.7692661294542401
[20.125     0.563625]
0.7895145440229043
0.8242689818335016
[17.5375     0.5956875]
0.851718074018792
0.8903653855455345
[15.09375     0.57796875]
0.9017505026437181
0.8299892476522559
[12.50625     0.61003125]
0.892115737045039
[12.50625     0.61003125]
0.8550378989113857
0.9107968207850714
[13.1890625   0.58957031]
0.8687625622995698
0.9160701247984666
[11.45507813  0.59605664]
0.90240565367991
0.9136901840014474
[11.45507813  0.59605664]
0.8999174034580281
0.9151923971048752
[11.45507813  0.59605664]
0.9135948660309094
0.9156989198896632
[11.45507813  0.59605664]
0.9136240011532625
0.9161801859287497
[12.14859467  0.59108416]
0.9157247028030973
0.9162988507967381
[11.64890022  0.59606606]
0.9157402860373101
0.9163997014647663
[11.67691278  0.59481588]
0.9150141586925329
0.9164515528963724
[11.90575058  0.59326257]
0.916378773836175
0.9164495832401582
[11.90575058  0.59326257]
0.9162734989349637
0.916458674297885
[11.78053089  0.59398003]
0.9164572179698159
[11.78053089  0.59398003]
0.9164110854548019
0.9164652966548834
[11.85394153  0.59368049]
0.9164578120956407
0.9164627210650121
[11.85394153  0.59368049]
0.9164581691188467
0.9164650122656673
[11.85394153  0.59368049]
0.9164635069933358
0.9164665225494028
[11.83889824  0.59380641]
0.9164556625494366
0.916466854115617
[11.82683377  0.59378142]
0.9164656961877979
0.9164662062959633
[11.82683377  0.59378142]
0.9164656436446078
0.9164666862470838
[11.82683377  0.59378142]
0.9164660378639581
0.9164667608425582
[11.82683377  0.59378142]
0.9164697320299683
0.916466365815712
[11.83229349  0.59376327]
0.9164666164254801
0.9164695328977857
[11.83229349  0.59376327]
0.9164711245041937
0.9164656271174336
[11.83676996  0.59377009]
0.916467004459516
0.9164672932252074
0.9164670298028417
0.9164666189769415
[11.83676996  0.59377009]
0.9164714018825427
0.9164668553319457
[11.83726158  0.59375761]
0.9164664080225832
0.9164708069828157
[11.83726158  0.59375761]
0.9164667336905049
0.9164668553083709
0.9164712808808704
0.9164668427981764
[11.83726158  0.59375761]
0.9164668132901468
0.9164664172470189
0.9164713774280401
0.9164663990744584
[11.83726158  0.59375761]
0.9164663708949149
0.9164664873868568
[11.83726158  0.59375761]
0.9164693629460628
0.9164703372382477
[11.83726158  0.59375761]
0.9164671068314673
0.9164708433228749
[11.83726158  0.59375761]
0.9164666011983105
0.9164710996399451
[11.83726158  0.59375761]
0.9164669703880045
0.9164712299627271
[11.83726158  0.59375761]
0.9164668413277282
0.9164712909834674
[11.83726158  0.59375761]
0.9164667811004563
0.9164713291224129
[11.83726158  0.59375761]
0.9164713812422267
[11.83726158  0.59375761]
0.9164668196176811
0.9164713626449948
0.9164713652765795
0.9164713517411354
[11.83726158  0.59375761]
0.9164714018825427
Phase:  [-0.87991156 -0.02432415 -0.0240471  -0.0243528 ]
Final Fidelity:  0.9164714018825427
Final Params:  [11.83726158  0.59375761]
