Optimizing ARP for b =  500.0
Optimizing Delta, T, and phases
0.9976865256505218
0.9977089177136188
0.9974190254670876
0.9978471048315772
0.997695720827563
[24.15   0.513]
0.9977812163835134
[24.15   0.513]
0.9977340937057657
0.9978050218397907
[24.15   0.513]
0.9977823037110949
0.9978255676292179
[24.15   0.513]
0.9978587116345682
0.9978149988405206
[23.359375  0.516375]
0.9978156302372427
0.9978483299528187
[23.359375  0.516375]
0.9978523036507576
[23.359375  0.516375]
0.9978444841388306
0.9978555925162496
[23.359375  0.516375]
0.9978538446475591
0.9978575220284813
[23.359375  0.516375]
0.9978510663296194
0.9978583005213189
[23.359375  0.516375]
0.9978572802105954
0.9978587549145619
[23.55471497  0.51490833]
0.9978542097542895
0.9978590332943851
[23.51251297  0.51460428]
0.9978541675597061
0.9978588750514761
[23.51251297  0.51460428]
0.9978591592106127
0.9978591666981231
[23.32908125  0.51543824]
0.9978590478725604
[23.32908125  0.51543824]
0.9978588213636106
0.9978590836123793
[23.32908125  0.51543824]
0.9978589804164815
0.9978591991582345
[23.38914561  0.51479323]
0.9978592117301529
0.9978591555680095
[23.28092513  0.51545055]
0.9978590263711273
0.9978593140402814
[23.33205831  0.51528007]
0.997858899626567
0.9978596126091609
[23.34781867  0.51507927]
0.9978594153774608
[23.34781867  0.51507927]
0.9978590555124633
0.9978572597026957
0.9978591677619308
0.9978594406241315
[23.34781867  0.51507927]
0.9978591427478176
0.9978593717515687
[23.34781867  0.51507927]
0.9978591494409468
0.9978590710106297
0.9978591840713817
0.997859304910939
[23.34781867  0.51507927]
0.9978593874031141
[23.34781867  0.51507927]
0.997859350383653
0.9978596143043967
[23.35212539  0.51503943]
0.9978590330029751
0.9978593372471855
0.997859263268893
0.9978592276729699
[23.35212539  0.51503943]
0.9978592628985049
0.9978594367441067
[23.35212539  0.51503943]
0.9978593311236591
0.9978564518593627
0.9978596441314039
0.9978594184439828
[23.35068788  0.51504929]
0.9978594733887951
0.9978593055155278
0.9978566016197954
0.9978594004036161
[23.35068788  0.51504929]
0.9978593240531701
0.9978594099659158
[23.35068788  0.51504929]
0.9978593401728637
0.9978594102158158
[23.35068788  0.51504929]
0.9978591089956511
0.9978594843736692
[23.35068788  0.51504929]
0.9978596654262601
0.9978591326362842
[23.3505502   0.51505005]
0.9978592160763662
0.9978592619121995
0.9978596650562734
0.9978593349179825
[23.3505502   0.51505005]
0.9978596654262601
Phase:  [0.18611758 0.18637409 0.18618289]
Final Fidelity:  0.9978596654262601
Final Params:  [23.3505502   0.51505005]
