Optimizing ARP for b =  300.0
Optimizing Delta, T, and phases
0.9957101398260098
0.9957477751670403
0.9952149988244348
0.995957220340048
0.9958443070644817
[24.15   0.513]
0.995973951697771
0.9960002251230302
[26.45    0.4995]
0.9961604951207669
0.9960513644026009
[26.45    0.4725]
0.9960734811531201
[26.45    0.4725]
0.9958185424922311
0.9961181730577674
[26.45    0.4725]
0.9959593500956803
0.996161343468634
[27.74375     0.46828125]
0.9961916925430101
0.9961220634502201
[27.16875     0.45815625]
0.9961079467027486
0.9961894840764681
[27.16875     0.45815625]
0.9961274080907682
0.9961894895409573
[27.16875     0.45815625]
0.9961811588673812
0.9961969257033415
[27.11933594  0.46487988]
0.9961792222031032
0.9961963382135699
[27.11933594  0.46487988]
0.9961809683671685
0.9961958899649683
[27.11933594  0.46487988]
0.9961914752828839
0.9961964864531885
[27.11933594  0.46487988]
0.9961947575555656
0.9961967102359778
[27.11933594  0.46487988]
0.9961946850323948
0.9961956106253219
0.9961955888886265
0.9961982138781537
[27.15436096  0.46379594]
0.9961845497358877
0.9961963545293695
[27.15436096  0.46379594]
0.9961977907212223
[27.15436096  0.46379594]
0.9961963859913416
0.9961949026429713
0.9961966106058641
0.9961960436593612
[27.15436096  0.46379594]
0.9961954070121866
0.9961960430518217
0.996196549712147
0.9961963105910918
[27.15436096  0.46379594]
0.9961957999851491
0.996196066580822
0.9961968369706511
0.996196329467527
[27.15436096  0.46379594]
0.9961958521150323
0.9961980467701232
[27.15436096  0.46379594]
0.9961971733684518
0.9961900702411527
0.9961964420856376
0.9961968899615679
[27.15436096  0.46379594]
0.9961969245741695
[27.15436096  0.46379594]
0.9961963487928315
0.9961965643167059
0.9961972328849413
0.9961975640872912
[27.15436096  0.46379594]
0.9961967214279994
0.996196645185994
0.9961911200990448
0.9961956202169602
[27.15436096  0.46379594]
0.9961969867298712
[27.15436096  0.46379594]
0.9961960381881712
0.996196987262234
[27.15436096  0.46379594]
0.9961960666090255
0.9961969811263753
0.9961972673474871
0.9961974406519041
[27.15436096  0.46379594]
0.9961956213890167
0.9961961864088915
0.9961964955704481
0.9961956177467255
[27.15436096  0.46379594]
0.9961965632903245
[27.15436096  0.46379594]
0.9961976303490201
[27.15436096  0.46379594]
0.9961982138781537
Phase:  [0.3268598  0.32652885 0.32664028 0.32658456]
Final Fidelity:  0.9961982138781537
Final Params:  [27.15436096  0.46379594]
