Optimizing ARP for b =  330.0
Optimizing Delta, T, and phases
0.9917062271729848
0.9907699226625276
0.9922129663891988
0.9926996689207853
0.9928371880116973
[20.7     0.5805]
0.9931602480208861
0.9932751433906855
[19.55     0.64125]
0.9920144921992712
0.9929584234443467
[19.55     0.64125]
0.9930705912407739
[19.55     0.64125]
0.9927322744706432
0.9931740126518857
[19.55     0.64125]
0.9930489700999949
0.9931901316831108
[19.55     0.64125]
0.9931536980390625
0.993228505236676
[19.55     0.64125]
0.9932558904173597
[19.55     0.64125]
0.9931759894149362
0.9932663271515488
[19.55     0.64125]
0.993236500899639
0.9932734720426402
[19.55     0.64125]
0.9932609196631945
0.993274654689027
[19.55     0.64125]
0.9932646516863018
0.9932769004203386
[19.67590408  0.63588108]
0.9932725066161723
0.9932767230950579
[19.67590408  0.63588108]
0.9932661234567626
0.9932766774019496
[19.67590408  0.63588108]
0.9932744000955581
0.9932769792607788
[19.65385606  0.63754378]
0.99327668431537
0.9932758890529209
0.9932767297955418
0.9932763065904212
[19.65385606  0.63754378]
0.9932772240343245
0.9932727414019327
[19.6412854   0.63711649]
0.9932765660349164
0.9932768682130151
[19.6412854   0.63711649]
0.993276642593006
0.9932764512310843
0.9932764354073655
0.9932766780320634
[19.6412854   0.63711649]
0.9932766734090143
0.9932772958434775
[19.64374523  0.63697396]
0.9932768697914175
0.9932766526669855
0.9932766068683448
0.9932773185175569
[19.64625031  0.63702143]
0.9932769365382217
0.9932765875437849
0.9932769223490451
0.993277480832349
[19.64438281  0.63703333]
0.9932765891331399
0.9932773263725083
[19.64438281  0.63703333]
0.9932765155948063
0.9932763145811385
0.9932776314857845
0.9932765785243547
[19.64476999  0.63702293]
0.993276956217676
0.9932760024852039
0.9932764783733363
0.9932769777859285
[19.64476999  0.63702293]
0.9932768306413275
0.9932768361245967
[19.64476999  0.63702293]
0.9932740936329029
0.9932777137060399
[19.64498919  0.63702302]
0.9932766377818476
0.9932763962587705
0.9932776696345103
0.9932764199876455
[19.64498919  0.63702302]
0.9932767447107566
0.9932764347644185
0.9932776936252763
0.9932761467587331
[19.64498919  0.63702302]
0.9932777137060399
Phase:  [0.3801155  0.03962201 0.03982372 0.03954598]
Final Fidelity:  0.9932777137060399
Final Params:  [19.64498919  0.63702302]
