Optimizing ARP for b =  50.0
Optimizing Delta, T, and phases
0.886781055965797
0.885745015492791
0.8831867050200275
0.8899223490704902
0.8934021176523681
[24.725  0.486]
0.8956900789520523
0.901715667968208
[23.2875  0.459 ]
0.906660069950441
0.8983296406024592
[25.0125  0.405 ]
0.913025165175517
0.8870022345459122
[23.575  0.378]
0.8918078127676823
0.9067931938774735
[23.575  0.378]
0.9157953768305268
0.9172836908721664
[21.0234375  0.394875 ]
0.8875005120107116
0.9130001991341921
[21.0234375  0.394875 ]
0.909092131402407
0.9153237088601236
[21.0234375  0.394875 ]
0.9159244649302626
[21.0234375  0.394875 ]
0.9148076452609653
0.916813611590626
[21.0234375  0.394875 ]
0.9152132467653783
0.9170203158582065
[21.0234375  0.394875 ]
0.9170937671828048
[21.0234375  0.394875 ]
0.9156472203627818
0.9173622977598486
[20.64742737  0.40135474]
0.9171123123730184
0.9173319855387565
[20.64742737  0.40135474]
0.9171576125438575
0.9173730765162403
[20.97148342  0.39706059]
0.917320501573415
0.917387392155519
[21.00054336  0.39817265]
0.9171942188161657
0.91740303738709
[20.81672038  0.39948568]
0.9173661901245601
0.9173994125278697
[20.81672038  0.39948568]
0.9174050364134587
0.9173913376288154
[20.75623467  0.39925791]
0.9173800780020714
0.9174052561126472
[20.86326758  0.39865834]
0.9174045939334065
0.9174082502276684
[20.8062665   0.39869434]
0.9173905400438256
0.9174080739158231
[20.8062665   0.39869434]
0.9174049607114492
0.9173966330782851
0.917407954601106
0.9174078051988478
[20.8062665   0.39869434]
0.9174068729632625
0.91740797300054
[20.8062665   0.39869434]
0.9174073911888708
0.9174080637773165
[20.8062665   0.39869434]
0.9174076352843737
0.917407987490787
[20.8062665   0.39869434]
0.917408407481087
0.9174076386573417
[20.80021526  0.39873765]
0.9174061812550826
0.9174075117902297
0.917400294332996
0.9173983113073128
[20.80021526  0.39873765]
0.9174064616968686
[20.80021526  0.39873765]
0.9174074206433743
[20.80021526  0.39873765]
0.9174075101949755
[20.80021526  0.39873765]
0.9174072703067893
0.9174082881731992
[20.80021526  0.39873765]
0.9174072301575588
0.917408389840471
[20.80021526  0.39873765]
0.9174091939480599
0.9173945557102332
[20.80050463  0.39875026]
0.917407493083577
0.9174081136918564
0.9174087076954778
0.917407606910827
[20.80050463  0.39875026]
0.9174078733922234
0.9174084243537887
[20.80050463  0.39875026]
0.9174090361955372
[20.80050463  0.39875026]
0.9174081483089066
0.9174070850583964
0.9174078770109626
0.917407806416114
[20.80050463  0.39875026]
0.9174062590884219
0.917406465078715
0.9174074885079927
0.9174086982992996
[20.80050463  0.39875026]
0.9174069804117511
0.9174082126893649
[20.80050463  0.39875026]
0.9174091939480599
Phase:  [1.79306692 0.14747932 0.14784912 0.14747893]
Final Fidelity:  0.9174091939480599
Final Params:  [20.80050463  0.39875026]
