Optimizing ARP for b =  600.0
Optimizing Delta, T, and phases
0.9982600393845409
0.9982822004121867
0.9980483817163055
0.9983640672000615
0.998159127574787
[24.15   0.513]
0.9982980454557193
[24.15   0.513]
0.9981958984663566
0.9983316911761231
[24.15   0.513]
0.9983606095424749
[24.15   0.513]
0.9983671126954252
0.9981518474328872
[23.     0.513]
0.9982719331966865
0.9983812535587676
[23.43125  0.51975]
0.9983666249167156
0.9983795603541258
[23.43125  0.51975]
0.9983679425514133
0.9983783647654332
[23.43125  0.51975]
0.9983805476423496
[23.43125  0.51975]
0.9983778067569735
0.9983824329527311
[22.99326172  0.51795703]
0.9983780243958962
0.9983836623321967
[23.12858887  0.51740332]
0.9983706565027864
0.9983834501024564
[23.12858887  0.51740332]
0.998382844398694
0.9983839762870559
[23.28437653  0.51811029]
0.9983831379418109
0.9983837742468333
[23.28437653  0.51811029]
0.9983826077755259
0.9983837435394315
[23.28437653  0.51811029]
0.9983835142300563
0.9983841654347545
[23.22364535  0.51798067]
0.9983835234365501
0.9983837334483623
0.9983837822719765
0.9983823836907982
[23.22364535  0.51798067]
0.9983838006678267
[23.22364535  0.51798067]
0.9983838114459312
[23.22364535  0.51798067]
0.9983839220482832
[23.22364535  0.51798067]
0.9983840515946892
[23.22364535  0.51798067]
0.9983823740798667
0.9983819651246295
0.998384188386821
0.9983841665134312
[23.20912251  0.51801208]
0.9983841333876968
0.9983836828346389
0.9983837333824991
0.9983836788431755
[23.20912251  0.51801208]
0.9983839644629695
[23.20912251  0.51801208]
0.9983837801446549
0.9983838138731607
[23.20912251  0.51801208]
0.9983837640078903
0.9983838065796162
0.9983839114211637
0.9983839369599088
[23.20912251  0.51801208]
0.9983840718837536
[23.20912251  0.51801208]
0.9983835903992473
0.9983839738055778
[23.20912251  0.51801208]
0.9983838111061634
0.998383988470771
[23.20912251  0.51801208]
0.9983837374020098
0.9983835240005032
0.9983836217807809
0.9983839919288662
[23.20912251  0.51801208]
0.9983816055335729
0.9983840355626356
[23.20912251  0.51801208]
0.998383657304682
0.9983837476428139
0.9983836855175223
0.9983839263065559
[23.20912251  0.51801208]
0.9983838103611589
0.9983842553749717
[23.20901051  0.51801212]
0.9983835366769902
0.9983839879844385
[23.20901051  0.51801212]
0.9983837304081157
0.9983838351168957
0.9983842200917141
0.9983838520773405
[23.20901051  0.51801212]
0.9983842553749717
Phase:  [0.15599592 0.1560408  0.15614361]
Final Fidelity:  0.9983842553749717
Final Params:  [23.20901051  0.51801212]
