Optimizing ARP for b =  30.0
Optimizing Delta, T, and phases
0.7334058322362007
0.7345013045355767
0.7885519346954442
0.7824209740198002
[23.     0.567]
0.6854370169358416
0.7812354623747876
[23.     0.567]
0.7446638025427514
0.7887521251387272
[23.71875  0.56025]
0.7941506791723882
0.7953705192331497
[21.778125  0.556875]
0.7758188198441596
0.7926651399507793
[21.778125  0.556875]
0.8043316259620067
0.8107124082049854
[19.54101562  0.55898437]
0.8048406929302448
[19.54101562  0.55898437]
0.8032478190443408
0.8082517985651975
[19.54101562  0.55898437]
0.8154450201587756
0.8187105298494292
[18.82226562  0.56573437]
0.80914027589803
0.8148516235983733
[18.82226562  0.56573437]
0.8186100568984019
[18.82226562  0.56573437]
0.8212354696598682
0.8201336710356604
[18.10351562  0.57248437]
0.8180080910451769
0.820226152366229
[18.10351562  0.57248437]
0.8206610427700386
[18.10351562  0.57248437]
0.8204175763945979
0.8209832260823414
[18.10351562  0.57248437]
0.8208389462900844
0.8211618452333198
[18.10351562  0.57248437]
0.8204166448585952
0.8212141199143868
[18.10351562  0.57248437]
0.8212542805104428
0.8210960686160763
[18.1388916   0.57409277]
0.8210548068387314
0.8212755952148757
[17.98966675  0.57416528]
0.8211473954600685
0.8212771521841706
[18.0838974  0.5733067]
0.8212414289760857
0.8212774559414374
[18.08783684  0.57391438]
0.8212535641783948
0.8212822112311362
[18.03776693  0.57388791]
0.8212635620998455
0.8212836823216092
[18.07334964  0.57360392]
0.8212793028277923
0.8212823429563971
[18.07334964  0.57360392]
0.8212787283563276
0.8212829234616226
[18.07334964  0.57360392]
0.8212811573223124
0.8212827782091283
[18.07334964  0.57360392]
0.8212821311202145
0.8212823895134431
0.8212824574471724
0.821282454706914
[18.07334964  0.57360392]
0.8212822931729742
0.8212820688663616
0.8212825754073231
0.821282136976104
[18.07334964  0.57360392]
0.8212816467782178
0.8212823063224034
[18.07334964  0.57360392]
0.8212839299244715
0.8212816467782178
[18.07136499  0.57362476]
0.8212815543747743
0.8212823082402739
0.821281699828504
0.821282217279686
[18.07136499  0.57362476]
0.821282226472653
[18.07136499  0.57362476]
0.8212823252029356
[18.07136499  0.57362476]
0.8212819250223505
0.8212817962892284
0.8212820528676271
0.8212820922208519
[18.07136499  0.57362476]
0.8212823240240275
[18.07136499  0.57362476]
0.8212820088060242
0.8212820655257314
0.8212822142927156
0.821284075942944
[18.07054393  0.57362965]
0.8212822429238797
0.8212818597119984
0.8212820775208175
0.8212820849974535
[18.07054393  0.57362965]
0.8212820655975196
0.8212821670981071
[18.07054393  0.57362965]
0.8212842306626305
0.8212839337571959
[18.07065617  0.5736294 ]
0.8212822473365164
0.8212822477308299
[18.07065617  0.5736294 ]
0.8212833436949947
0.8212822273821206
0.8212820919739144
0.8212821858943451
[18.07065617  0.5736294 ]
0.8212842306626305
Phase:  [ 2.16700892 -0.47321915 -0.47317053]
Final Fidelity:  0.8212842306626305
Final Params:  [18.07065617  0.5736294 ]
