Optimizing ARP for b =  110.0
Optimizing Delta, T, and phases
0.7539882112275387
0.7559429582186478
0.7505702205450211
0.7593497515795393
0.7637819342607144
[24.725  0.486]
0.765935765882681
0.772315107379078
[27.3125  0.459 ]
0.7810725534017287
0.7959088884127782
[29.75625  0.3375 ]
0.8041159293784099
0.7818225326516784
[32.34375  0.3105 ]
0.776755448476066
0.8012052353620625
[32.34375  0.3105 ]
0.7878869184982608
0.8022209005438247
[32.34375  0.3105 ]
0.7932733782019542
0.8050052889668359
[32.34375  0.2835 ]
0.8065936850749071
0.8062092900856119
[33.49375  0.2835 ]
0.801820849761272
0.8054914796672121
[33.49375  0.2835 ]
0.806971655773143
0.8073837260487519
[34.5      0.30375]
0.8084194487666909
0.8087699924113941
[36.728125  0.286875]
0.8091830971242766
0.8098872223071877
[39.8546875  0.3189375]
0.8078259993808686
0.8088754393104429
[39.8546875  0.3189375]
0.8113116801854249
0.8108299479566436
[43.31367188  0.33454688]
0.8113250632518931
0.8101700748771543
[42.98125  0.351  ]
0.8107608154996557
0.8113348906733864
[44.79384766  0.35469141]
0.8104842775176463
0.8115398146357938
[43.60061035  0.34369629]
0.8112861249514334
0.8114604684298509
[43.60061035  0.34369629]
0.8113213105515811
0.8114705516044891
[43.60061035  0.34369629]
0.8115274776782666
[43.60061035  0.34369629]
0.8114184490636924
0.8115283939902911
[43.60061035  0.34369629]
0.8115110387316121
0.8115420199013138
[44.01522741  0.34497561]
0.8115186158368596
0.8115418995203305
[44.01522741  0.34497561]
0.8115133344409026
0.8115452049387334
[43.78620002  0.34456147]
0.8115408417848641
0.8115441405738115
[43.78620002  0.34456147]
0.8115422738626503
0.8115446508224963
[43.78620002  0.34456147]
0.8115417640642382
0.8115448820099844
[43.78620002  0.34456147]
0.8115452705054047
0.8115445001166199
[43.86406449  0.34466917]
0.8115451402233709
0.8115456443949881
[43.81479818  0.34440631]
0.8115448724004811
0.8115456760733851
[43.81281568  0.34454961]
0.8115448184624483
0.8115437470896568
0.8115429140633628
0.8115452202905437
[43.81281568  0.34454961]
0.8115455987440707
[43.81281568  0.34454961]
0.8115452309666439
0.8115453036994726
[43.81281568  0.34454961]
0.8115452082316528
0.8115454152819387
[43.81281568  0.34454961]
0.811545334210848
0.8115453833569677
0.8115454078415351
0.8115455548024284
[43.81281568  0.34454961]
0.8115452323163338
0.8115451199891114
0.811545199736639
0.8115451689387885
[43.81281568  0.34454961]
0.8115454667485698
[43.81281568  0.34454961]
0.8115453212668056
0.8115451596143676
0.8115453074087451
0.8115455425240916
[43.81281568  0.34454961]
0.8115455398777984
0.8115453864537538
0.8115453528103638
0.811545215412688
[43.81281568  0.34454961]
0.8115451351952414
0.8115453141899915
[43.81281568  0.34454961]
0.811545245461566
0.8115454897620449
[43.81281568  0.34454961]
0.8115455197388793
[43.81281568  0.34454961]
0.8115451836350227
0.8115454760409497
0.8115449991617303
0.8115453950011372
[43.81281568  0.34454961]
0.8115450833335928
0.8115453934227472
[43.81281568  0.34454961]
0.8115455156222426
[43.81281568  0.34454961]
0.8115453679900704
0.8115453941522922
0.8115453230135165
0.8115455793100925
[43.81281568  0.34454961]
0.8115456760733851
Phase:  [-2.22983817  0.54696775  0.54692218]
Final Fidelity:  0.8115456760733851
Final Params:  [43.81281568  0.34454961]
