Optimizing ARP for b =  200.0
Optimizing Delta, T, and phases
0.986556190735083
0.9857061658967995
0.9864793683749334
0.9869029168453126
0.986709646976579
[21.85   0.567]
0.9871421053801882
0.9876867316453142
[21.275   0.5265]
0.9868866412653235
0.9871519094314247
[21.275   0.5265]
0.9881072141888243
0.9758544676840762
[20.26875   0.509625]
0.985042852821141
0.9877078922536254
[20.26875   0.509625]
0.9884547764584959
0.9865505442601477
[19.8015625   0.51721875]
0.9796240419240927
0.9883250365517814
[19.8015625   0.51721875]
0.9882681953430164
0.9884659359918337
[20.03291016  0.52591992]
0.9883921413567796
0.9885642788462327
[19.6651123  0.5204751]
0.9884033386957001
0.9885746353564246
[19.82528687  0.52020813]
0.9879256872246432
0.9885845076892997
[19.88905487  0.52313077]
0.988532089850842
0.9885936541420675
[19.76114159  0.52107227]
0.988593772106235
0.9885586784182864
[19.82490959  0.52399491]
0.9886096386418879
0.9885873141028254
[19.69699631  0.52193642]
0.9886004101602103
[19.69699631  0.52193642]
0.9886234016830304
0.9886022401725589
[19.63285103  0.52280056]
0.988515989691475
0.9886215953806083
[19.63285103  0.52280056]
0.9886237598919634
0.9886215639389748
[19.64869871  0.52447791]
0.9886332509008892
0.9886300783969688
[19.56870575  0.5236647 ]
0.9886336695554659
0.9886209476359102
[19.58455343  0.52534206]
0.98864044852393
0.9886367875522091
[19.50456047  0.52452885]
0.988633981292266
[19.50456047  0.52452885]
0.988644520296811
0.9886400339934877
[19.44041519  0.52539299]
0.9886213086276219
0.9886417433197499
[19.44041519  0.52539299]
0.9886412926642107
0.9886440105279506
[19.44041519  0.52539299]
0.9886443055143382
[19.44041519  0.52539299]
0.9886403045048913
0.9886446261256371
[19.43387096  0.5257766 ]
0.9886426289457656
0.9886440834102794
0.9886442034336815
0.9886448633256155
[19.41410266  0.52577701]
0.9886440192252266
0.9886444024899056
[19.41410266  0.52577701]
0.9886448572544329
[19.41410266  0.52577701]
0.9886438977328414
0.9886448453769128
[19.41410266  0.52577701]
0.9886454684052519
0.9886438977328414
[19.40669802  0.52584906]
0.9886440921703755
0.9886447642926726
0.9886443619860021
0.9886444119444942
[19.40669802  0.52584906]
0.9886450878216859
[19.40669802  0.52584906]
0.9886441732426153
0.9886450229961661
[19.40669802  0.52584906]
0.9886445200757268
0.9886444112533044
0.9886439360731669
0.988638854515419
[19.40669802  0.52584906]
0.9886445090934779
[19.40669802  0.52584906]
0.9886441128895549
0.9886445963922087
[19.40669802  0.52584906]
0.9886447120989725
[19.40669802  0.52584906]
0.988644114204551
0.9886394705704802
0.9886450149536434
0.9886445147507756
[19.40669802  0.52584906]
0.9886441230603853
0.9886440652845352
0.988640271585125
0.988645052193192
[19.40669802  0.52584906]
0.9886440778826899
0.9886445202302234
[19.40669802  0.52584906]
0.988644378316251
0.9886445717590258
[19.40669802  0.52584906]
0.9886448693899578
0.988643865793103
0.9886452733064435
0.9886447630878705
[19.40669802  0.52584906]
0.9886439824960797
0.988645102849566
[19.40669802  0.52584906]
0.9886447285167008
0.9886456662928099
[19.40663659  0.52584914]
0.9886456662928099
Phase:  [0.52110541 0.05446211 0.05411172 0.05452562]
Final Fidelity:  0.9886456662928099
Final Params:  [19.40663659  0.52584914]
