Optimizing ARP for b =  300.0
Optimizing Delta, T, and phases
0.9943511265167593
0.9943731980469487
0.9937450248962298
0.9948363372610315
0.9949975986807302
[24.725  0.486]
0.9950328746374288
0.9950317002627085
[25.875  0.486]
0.9949406719052861
0.9950457350802642
[25.875  0.459]
0.9950538051138096
0.9948144436387796
[27.025  0.459]
0.9948406454753367
0.9950840200183648
[26.1625  0.4725]
0.9950194929448366
0.9950785700258324
[26.1625  0.4725]
0.9950472388326719
0.9950808009974683
[26.1625  0.4725]
0.9950753320186252
0.9950849927410836
[26.31074219  0.46511719]
0.9950770358407925
0.9950860350277628
[26.42416992  0.46601367]
0.9950691109148373
0.9950876465828404
[26.26497803  0.46903271]
0.9950821619824963
0.9950870795377331
[26.26497803  0.46903271]
0.9950864599987502
0.9950875831595217
[26.26497803  0.46903271]
0.9950850612094064
0.9950874544687911
[26.26497803  0.46903271]
0.9950865310455255
0.9950856939549542
0.9950870378071914
0.9950874114790158
[26.26497803  0.46903271]
0.9950877401846177
0.9950873144369732
[26.29286776  0.46855141]
0.9950871483988374
0.9950873936235989
0.9950874328464012
0.9950873307345911
[26.29286776  0.46855141]
0.9950871324918475
0.9950874847191162
[26.29286776  0.46855141]
0.9950874939500425
[26.29286776  0.46855141]
0.9950877068506001
[26.29286776  0.46855141]
0.995087298412656
0.9950842048135673
0.9950871277934537
0.9950872375847242
[26.29286776  0.46855141]
0.9950839834118965
0.9950876242985078
[26.29286776  0.46855141]
0.9950872442789473
0.995087825724976
[26.2944847   0.46854474]
0.9950876241876019
0.9950875487871873
0.9950873872821755
0.995087249132462
[26.2944847   0.46854474]
0.9950881946805099
0.9950872688060037
[26.2923425  0.4685902]
0.9950875084239861
0.9950876470886066
[26.2923425  0.4685902]
0.9950834967327271
0.9950868756252297
0.9950875912519817
0.995088097586498
[26.2923425  0.4685902]
0.9950872023195974
0.9950878568987767
[26.2923425  0.4685902]
0.9950875651061617
0.9950875760510538
0.9950871529843118
0.9950882111152062
[26.29266901  0.46858371]
0.9950873019188298
0.9950872892461617
0.9950872058135717
0.9950872125138839
[26.29266901  0.46858371]
0.9950875697283497
[26.29266901  0.46858371]
0.9950873868294405
0.9950873001958668
0.9950875656715877
0.9950877039029532
[26.29266901  0.46858371]
0.9950882111152062
Phase:  [0.28262959 0.28264048 0.28276624]
Final Fidelity:  0.9950882111152062
Final Params:  [26.29266901  0.46858371]
