Optimizing ARP for b =  200.0
Optimizing Delta, T, and phases
0.7741655715343891
0.7753904791810814
0.7729087794012175
0.7767861197487625
0.7790085768058291
[24.725  0.486]
0.7805512377122842
0.7845384368925397
[27.3125  0.459 ]
0.7901027742388007
0.8014246271096084
[29.75625  0.3375 ]
0.8080673281743235
0.7817379635158067
[32.34375  0.3105 ]
0.7770882226745472
0.7938834679232638
[32.34375  0.3105 ]
0.8029279377856765
[32.34375  0.3105 ]
0.7881505106301903
0.8063815563575365
[32.34375  0.3105 ]
0.7995788393726108
0.8079379483359787
[32.34375  0.3105 ]
0.8093815666336638
0.8083192238619938
[33.49375  0.2835 ]
0.8094569449981396
0.809100908659899
[33.49375  0.3105 ]
0.8103427054951299
0.8087146023143433
[34.64375  0.2835 ]
0.8105417190676966
0.8102568035602687
[34.64375  0.3105 ]
0.8108102984599078
0.808552817356137
[35.79375  0.2835 ]
0.8113223720835714
0.8112011198238818
[35.79375  0.3105 ]
0.8107809115422651
0.8113711761264901
[36.36875  0.29025]
0.811431729756448
0.8110382169161812
[36.36875  0.31725]
0.8116655884127058
0.8112174763322789
[36.94375  0.297  ]
0.8115972435917351
[36.94375  0.297  ]
0.8118450854623934
0.811476105652147
[37.51875  0.30375]
0.8096289041154164
0.8118484872922329
[37.0875     0.3121875]
0.8120387399647102
0.812206652308403
[38.021875    0.32990625]
0.8117389775549155
0.8119751991082105
[38.021875    0.32990625]
0.8124835259319987
0.8129621890280794
[39.16289063  0.33908203]
0.8129567776365527
[39.16289063  0.33908203]
0.8132574215169044
0.8126159779461888
[40.7890625   0.36576563]
0.8136613758965542
0.8138591179184372
[40.63183594  0.3440918 ]
0.8136464959949176
[40.63183594  0.3440918 ]
0.8144270735512781
0.8143513159503657
[42.10078125  0.34910156]
0.812879390446027
0.8141384700096794
[42.10078125  0.34910156]
0.8142811146089165
[42.10078125  0.34910156]
0.8145446970357264
0.8144104262811412
[43.56972656  0.35411133]
0.8142751808237033
0.8144666059823927
[43.56972656  0.35411133]
0.8142946730215823
0.8145219253824834
[43.56972656  0.35411133]
0.8145591546964773
0.8144768058493528
[43.21891479  0.3489516 ]
0.8144847688923578
0.8145586770822709
[43.21891479  0.3489516 ]
0.8145150751630718
0.8145633937349999
[43.35230293  0.35229642]
0.8145487682131164
0.8145658156305524
[43.16822634  0.35131772]
0.8145405366872492
0.814566459710973
[43.23958972  0.35037933]
0.8145602310856884
0.8145660718836939
[43.23958972  0.35037933]
0.8145655112268995
0.8145668828117669
[43.21353697  0.35114681]
0.814565047906513
0.8145670848374444
[43.25233441  0.35116777]
0.8145647854495215
0.8145669446123253
[43.25233441  0.35116777]
0.8145669504361528
[43.25233441  0.35116777]
0.8145667929882241
0.8145670166242182
[43.25233441  0.35116777]
0.8145670099331908
0.8145670899570464
[43.23920573  0.35113626]
0.8145665127167858
0.8145673367281027
[43.24787503  0.35101272]
0.814567093780269
[43.24787503  0.35101272]
0.8145671853937958
[43.24787503  0.35101272]
0.8145670663194102
0.8145673692722766
[43.24019584  0.35095819]
0.814566986246997
0.8145672108991896
[43.24019584  0.35095819]
0.814567159311196
0.8145672530604051
[43.24019584  0.35095819]
0.8145673761334852
0.814567159311196
[43.24419038  0.3510174 ]
0.8145670886853522
0.814567088985817
0.8145668444952672
0.8145672315870034
[43.24419038  0.3510174 ]
0.8145671601285658
0.81456719667742
[43.24419038  0.3510174 ]
0.8145671422748793
0.8145671524700447
0.8145670210833684
0.814566287529912
[43.24419038  0.3510174 ]
0.8145672667827422
[43.24419038  0.3510174 ]
0.8145660514676181
0.8145672103105805
[43.24419038  0.3510174 ]
0.8145664231073269
0.814566359772462
0.8145667654742795
0.8145673937170228
[43.24438704  0.35101615]
0.8145672542306168
0.8145672135811381
0.8145669508577237
0.814567145503408
[43.24438704  0.35101615]
0.8145663613047145
0.8145671287540744
[43.24438704  0.35101615]
0.8145656928428925
0.8145672199710425
[43.24438704  0.35101615]
0.8145673264501554
[43.24438704  0.35101615]
0.8145673937170228
Phase:  [3.68371296 0.3425785  0.34278205]
Final Fidelity:  0.8145673937170228
Final Params:  [43.24438704  0.35101615]
