Optimizing ARP for b =  90.0
Optimizing Delta, T, and phases
0.9552810353651553
0.9547627873210882
0.9519596352578157
0.9575349007071294
0.959227140446393
[24.725  0.486]
0.9603587785698806
0.9622718471048797
[23.2875  0.459 ]
0.9614277434174628
[23.2875  0.459 ]
0.9583729690651503
0.9611402669173125
[23.2875  0.459 ]
0.9640398411236615
0.9583729584967989
[23.8625  0.405 ]
0.9620031717166412
0.9629023978733416
[23.8625  0.405 ]
0.9634207075121586
[23.8625  0.405 ]
0.9402524393038252
0.9642836113112183
[23.2515625  0.421875 ]
0.9630643480751788
0.9646375991418745
[23.49414062  0.40246875]
0.9648066451392407
0.9642479821175838
[22.88320312  0.41934375]
0.9650267981025202
0.9629451380797649
[23.12578125  0.3999375 ]
0.965301675475569
0.9645150499650549
[22.51484375  0.4168125 ]
0.9650984737971536
[22.51484375  0.4168125 ]
0.9657570805875225
0.9647989833244914
[22.14648437  0.41428125]
0.9630901992232527
0.965908515799904
[22.54404297  0.40647656]
0.9661084811971036
0.965257120222651
[22.17568359  0.40394531]
0.9649657675348942
0.9660460428256178
[22.17568359  0.40394531]
0.9663009539796017
0.9663510770646226
[21.5552002   0.40758398]
0.9658769536716936
0.9662302406576009
[21.5552002   0.40758398]
0.9661995214574259
0.9663067444098992
[21.5552002   0.40758398]
0.9662537506490355
0.9663258734804816
[21.5552002   0.40758398]
0.966307657692667
0.9663414973460356
[21.5552002   0.40758398]
0.9663407617438364
0.9663522443235768
[21.51718714  0.40693948]
0.9663473606024644
0.9663552897761399
[21.61909062  0.40707187]
0.9663364294404884
0.966358300607928
[21.56166954  0.40729483]
0.9663536049270777
0.9663554520764034
[21.56166954  0.40729483]
0.9663585480259775
0.9663583157167968
[21.56955547  0.40752824]
0.9663564138857453
0.9663495678505941
0.9663513396989131
0.9663580147104138
[21.56955547  0.40752824]
0.9663578282706845
0.9663584000544023
[21.56955547  0.40752824]
0.9663591757595343
0.9663584225952582
[21.56434931  0.40761447]
0.966359024929138
[21.56434931  0.40761447]
0.9663589259382315
0.9663580417566123
0.9663515116615391
0.966353464746269
[21.56434931  0.40761447]
0.9663579857968579
[21.56434931  0.40761447]
0.9663584232274319
[21.56434931  0.40761447]
0.966358240867647
0.9663582127765968
0.9663581017740357
0.9663578858727844
[21.56434931  0.40761447]
0.9663589379212063
[21.56434931  0.40761447]
0.9663579614347444
0.9663599679831234
[21.56696198  0.4076167 ]
0.9663534095859191
0.9663584584093198
0.966359562292344
0.9663588863788121
[21.56696198  0.4076167 ]
0.9663581494187524
0.966358381939241
0.9663590828794036
0.9663590753048465
[21.56696198  0.4076167 ]
0.9663595809537068
[21.56696198  0.4076167 ]
0.9663595986523064
[21.56696198  0.4076167 ]
0.9663587333691163
0.9663599453249183
[21.56696198  0.4076167 ]
0.9663587771748396
0.9663590749088262
0.9663592150397169
0.966359725769144
[21.56696198  0.4076167 ]
0.9663577428112291
0.9663584745711868
0.9663584356181807
0.9663581996846788
[21.56696198  0.4076167 ]
0.9663602348616578
0.9663591921540889
[21.56710478  0.40761647]
0.9663582271209666
0.9663584590073704
[21.56710478  0.40761647]
0.9663588718689593
0.9663581540441728
0.9663601072312114
0.9663594424373966
[21.56710478  0.40761647]
0.9663602348616578
Phase:  [0.90641942 0.08639911 0.08588998 0.08617172]
Final Fidelity:  0.9663602348616578
Final Params:  [21.56710478  0.40761647]
