Optimizing ARP for b =  170.0
Optimizing Delta, T, and phases
0.9874476183063263
0.9866239803231607
0.9875859768914724
0.9879741491509207
0.9878388670047267
[21.85   0.567]
0.9877437888604856
[21.85   0.567]
0.9877969446208916
[21.85   0.567]
0.9878766188489552
[21.85   0.567]
0.9880100533876556
0.987555862242981
[21.85  0.54]
0.9874476183063263
0.9880291053959964
[21.275    0.56025]
0.9883399333955629
0.988875125376042
[20.9875    0.516375]
0.9886480420721331
[20.9875    0.516375]
0.9859630794246762
0.9882340291972841
[20.9875    0.516375]
0.9890044839136581
0.9859630794246762
[20.4125    0.509625]
0.9874224781491718
0.989031203143549
[20.55625    0.5248125]
0.9893232799316022
0.9891304838193841
[19.98125    0.5180625]
0.9889517526853993
0.9892285542963106
[19.98125    0.5180625]
0.988305665159034
0.9892392937012328
[19.98125    0.5180625]
0.9893646601433674
0.989349187207385
[19.99921875  0.52333594]
0.989333491335747
[19.99921875  0.52333594]
0.9894209368597938
0.9893741973092344
[19.63984375  0.52586719]
0.9892220006698381
0.9894108123494569
[19.63984375  0.52586719]
0.9893835135767752
0.9894168414835987
[19.63984375  0.52586719]
0.9894133989379603
0.9894152129731044
[19.63984375  0.52586719]
0.9894219616867048
0.9894107820684435
[19.6505127   0.52393579]
0.9894081694108956
0.9894244372519351
[19.5829895   0.52479108]
0.989397711931832
0.9894252566204982
[19.62829742  0.52511531]
0.9894258176934213
0.9894217558680828
[19.56077423  0.5259706 ]
0.9894207695342343
0.9894169553028926
0.989426224506655
0.9894265046779128
[19.57188187  0.52538084]
0.9894258975965408
0.9894247896133088
0.9894270343523696
0.989426251097253
[19.58320885  0.52546189]
0.9894169484396501
0.9894263704440571
[19.58320885  0.52546189]
0.9894254494291377
0.9894267041365639
[19.58320885  0.52546189]
0.9894275419632869
0.9894258455222135
[19.58606801  0.52556601]
0.9894262602433735
0.9894279281735191
[19.57968973  0.52549945]
0.9894266841460678
0.9894258056867143
0.989426179018277
0.9894254376580702
[19.57968973  0.52549945]
0.9894261030565464
0.9894270995713489
[19.57968973  0.52549945]
0.9894248383861337
0.9894269223841233
[19.57968973  0.52549945]
0.9894257499929041
0.9894269850481174
[19.57968973  0.52549945]
0.9894197114338903
0.989425185666891
0.9894264199551419
0.9894273199445214
[19.57968973  0.52549945]
0.989425932624812
0.9894267606882876
[19.57968973  0.52549945]
0.989426811960308
0.9894254871716996
0.9894269231778048
0.9894248794913431
[19.57968973  0.52549945]
0.989427367336211
[19.57968973  0.52549945]
0.989427603460931
[19.57968973  0.52549945]
0.989428163017054
0.9894260815383408
[19.57934865  0.52549415]
0.9894270431735205
0.9894265936634518
0.9894262731780089
0.9894278847224777
[19.57934865  0.52549415]
0.9894255270866497
0.9894268115036577
[19.57934865  0.52549415]
0.989428163017054
Phase:  [0.6243328  0.00918842 0.00919668 0.0095711  0.00926066]
Final Fidelity:  0.989428163017054
Final Params:  [19.57934865  0.52549415]
