Optimizing ARP for b =  130.0
Optimizing Delta, T, and phases
0.9829350197169577
0.9822695169698433
0.9825171890973058
0.9827989466115943
[23.    0.54]
0.9833586261582123
0.9839828372694976
[21.275   0.5265]
0.9835744584639283
[21.275   0.5265]
0.982664518993908
0.983341109385211
[21.275   0.5265]
0.9844031423115429
0.982664518993908
[21.275   0.4995]
0.9845856407130374
0.9839198667781747
[20.125   0.5265]
0.9834226869094272
0.9844153724116175
[20.125   0.5265]
0.98326110984725
0.9846432492218091
[20.915625   0.5113125]
0.9848073021241492
0.9845636759255253
[20.053125   0.5180625]
0.9845340405054163
0.984734233560334
[20.053125   0.5180625]
0.9846672590662429
0.9847674259735053
[20.053125   0.5180625]
0.9846996100054306
0.9847841943999712
[20.053125   0.5180625]
0.9847910623766937
[20.053125   0.5180625]
0.9847661131258998
0.9848020134063937
[20.053125   0.5180625]
0.9847919213517633
0.9848043828516874
[20.053125   0.5180625]
0.9847919724431796
0.9848051255616916
[20.053125   0.5180625]
0.9848078525975288
0.9848007566743648
[20.1616745   0.51701523]
0.9848020550904817
0.9847965054406043
0.984808113236586
0.984807748702859
[20.10739975  0.51753886]
0.9848064678211914
0.9848092065956484
[20.13017216  0.5175985 ]
0.9848091363724772
[20.13017216  0.5175985 ]
0.9847964960905823
0.9848083966786081
[20.13017216  0.5175985 ]
0.9848103562013948
0.9847964960905823
[20.1008523   0.51802104]
0.9848060936929781
0.9848078948018314
0.9847958741844266
0.9848094338868172
[20.1008523   0.51802104]
0.9848097935524635
[20.1008523   0.51802104]
0.9848111605107612
0.984807890654494
[20.08619237  0.51823232]
0.9848088524763942
0.9848089248615588
0.9848082086971294
0.9848082245536399
[20.08619237  0.51823232]
0.984807547907526
0.9848079435625392
0.9848078265194395
0.9848083572877722
[20.08619237  0.51823232]
0.9848082257141022
0.9848089176219336
[20.08619237  0.51823232]
0.9848091171230293
[20.08619237  0.51823232]
0.9848091506734326
[20.08619237  0.51823232]
0.9848087498422786
0.9848078965307052
0.9848002250848426
0.9848080504952881
[20.08619237  0.51823232]
0.9848063730933485
0.9848076237550704
[20.08619237  0.51823232]
0.9848081050013661
[20.08619237  0.51823232]
0.9848066319274678
0.9848088449210811
[20.08619237  0.51823232]
0.984809718872684
[20.08619237  0.51823232]
0.9848099061085791
[20.08619237  0.51823232]
0.9848001097802509
0.9848090609955971
0.9848082951560648
0.9848085684185552
[20.08619237  0.51823232]
0.9848076305233355
0.9848100327718877
[20.08619237  0.51823232]
0.9848104265597393
[20.08619237  0.51823232]
0.98481014804166
0.9848082166022413
0.984810795663683
