Optimizing ARP for b =  200.0
Optimizing Delta, T, and phases
0.9910169058788507
0.9910646932201685
0.9900608403884289
0.9917306306175946
0.9920591533154742
[24.725  0.486]
0.9922722081292477
0.9927766575054087
[27.3125  0.459 ]
0.9926188764172622
[27.3125  0.459 ]
0.9906903720736822
0.9926961802309755
[27.3125  0.459 ]
0.991716685570022
0.9929601323777307
[27.3125  0.432 ]
0.9928575807088529
[27.3125  0.432 ]
0.9924945739774449
0.9929217598988922
[27.3125  0.432 ]
0.9928653766149712
0.9929332879663967
[27.3125  0.432 ]
0.9929395379065734
[27.3125  0.432 ]
0.9928991186157303
0.9929542782881553
[27.3125  0.432 ]
0.9929430827902341
0.99295742332232
[27.3125  0.432 ]
0.9929398379785417
0.9929625591143181
[27.15864258  0.43532227]
0.9929596462479033
0.9929623816547883
[27.15864258  0.43532227]
0.9929589649802122
0.9929616485557831
[27.15864258  0.43532227]
0.992962018187149
0.9929617113939151
0.9929650264903672
0.9929613214425251
[27.16102905  0.43369409]
0.9929526037166012
0.9929541561912842
0.9929613728130038
0.9929612555103633
[27.16102905  0.43369409]
0.992959215854262
0.9929629648998426
[27.16102905  0.43369409]
0.9929621534035884
0.992963352651025
[27.16102905  0.43369409]
0.9929612252172222
0.9929624003638928
0.9929618020881237
0.9929605004317892
[27.16102905  0.43369409]
0.9929617059852517
0.9929609160437664
0.9929632338625564
0.9929611155152813
[27.16102905  0.43369409]
0.9929624925875171
0.9929619564389878
0.9929621523046082
0.9929636554440333
[27.16102905  0.43369409]
0.9929613994584009
0.9929600646718495
0.9929636690178412
0.9929623811500794
[27.16102905  0.43369409]
0.9929614904703554
0.9929633927612167
[27.16102905  0.43369409]
0.9929609374673415
0.9929493304141053
0.9929627421872185
0.9929610122027106
[27.16102905  0.43369409]
0.9929618209156181
0.992963284961733
[27.16102905  0.43369409]
0.9929612819218674
0.9929625653868415
0.9929474968139715
0.9929509025327743
[27.16102905  0.43369409]
0.9929619810354009
[27.16102905  0.43369409]
0.9929634947032562
[27.16102905  0.43369409]
0.9929650264903672
Phase:  [0.46005223 0.45967372 0.45985719 0.45972049]
Final Fidelity:  0.9929650264903672
Final Params:  [27.16102905  0.43369409]
