Optimizing ARP for b =  90.0
Optimizing Delta, T, and phases
0.7385020206908981
0.7407478180030596
0.7335373708909143
0.7456364613265658
0.7516093471634637
[24.725  0.486]
0.7540134928284238
0.7620042576757963
[27.3125  0.459 ]
0.7732801579009759
0.7910366323277833
[29.75625  0.3375 ]
0.8005497565634967
0.7816836053717644
[32.34375  0.3105 ]
0.7764575368351203
0.7996514709932514
[32.34375  0.3105 ]
0.7874620820169647
0.7985268126643641
[32.34375  0.3105 ]
0.8008422238226849
0.7874620820169647
[34.06875  0.2565 ]
0.8023120397193104
0.7988234901245206
[33.49375  0.3105 ]
0.8015759551574716
[33.49375  0.3105 ]
0.8037939588200672
0.8007043790934758
[34.64375  0.3105 ]
0.7926140642036805
0.8053275980280771
[34.64375  0.2835 ]
0.8061173505871136
0.8050677331590222
[35.79375  0.2835 ]
0.8017575408477172
0.8052572536967547
[35.79375  0.2835 ]
0.8048095844051869
0.8056623972242514
[35.79375  0.2835 ]
0.8063672553059604
0.80659081956556
[37.015625  0.293625]
0.8065608371229973
[37.015625  0.293625]
0.8066510271496705
0.8066393900926223
[38.95625  0.297  ]
0.8067091839545115
0.8066226160345636
[38.2375   0.30375]
0.806883713928961
0.8071732003040096
[41.759375  0.313875]
0.8074643202750851
0.8079956135856807
[42.0828125  0.3324375]
0.8079223352794307
[42.0828125  0.3324375]
0.8071607427281866
0.807955893753072
[42.0828125  0.3324375]
0.8068680024190662
0.8082653993299764
[44.0234375  0.3358125]
0.8081395306583421
[44.0234375  0.3358125]
0.8079892852148618
0.8081931176771168
[44.0234375  0.3358125]
0.8081234741296232
0.8082355658780203
[44.0234375  0.3358125]
0.8082184950721519
0.8082666917438778
[44.11328125  0.33834375]
0.8081374629044499
0.8082740743706972
[43.72246094  0.33813281]
0.8082436088595468
0.8082769161051255
[43.9706543   0.33702539]
0.8082758987611761
[43.9706543   0.33702539]
0.8082755046895738
0.8082795205612068
[43.80163574  0.33631348]
0.8082590305952914
0.8082806333295514
[43.7329895   0.33674194]
0.8082736346943422
0.8082800261284676
[43.7329895   0.33674194]
0.8082778478020998
0.8082773296807756
0.8082803610310967
0.8082798903359183
[43.7329895   0.33674194]
0.8082798619002337
0.808280257091343
[43.7329895   0.33674194]
0.8082802138135476
0.8082794361483043
0.8082804097226621
0.8082805283928682
[43.7329895   0.33674194]
0.8082801310847884
0.8082808714671328
[43.75425885  0.33673342]
0.8082805346134669
0.8082786474982375
0.8082805893639206
0.8082804583537294
[43.75425885  0.33673342]
0.8082802143949155
0.8082804365180618
0.8082801296255475
0.8082803306011918
[43.75425885  0.33673342]
0.8082802542566989
0.808280895825159
[43.75613209  0.33672432]
0.8082801474281075
0.8082800909137774
0.808280288146858
0.8082802610714711
[43.75613209  0.33672432]
0.8082806071437328
[43.75613209  0.33672432]
0.8082808428785353
[43.75613209  0.33672432]
0.8082810606985472
0.8082803227319884
[43.75706871  0.33671976]
0.8082805124121248
0.8082805605082595
0.8082803962486439
0.808280528420288
[43.75706871  0.33671976]
0.8082805972415736
[43.75706871  0.33671976]
0.8082805225557533
0.8082801360267122
0.808278200676539
0.8082806972775882
[43.75706871  0.33671976]
0.8082801189707316
0.8082803174198945
[43.75706871  0.33671976]
0.808280455177231
0.8082806178092088
[43.75706871  0.33671976]
0.8082780053583875
0.8082803989502758
0.8082805356012851
0.8082795217976344
[43.75706871  0.33671976]
0.8082810606985472
Phase:  [-2.06685929  0.62709867  0.62749175]
Final Fidelity:  0.8082810606985472
Final Params:  [43.75706871  0.33671976]
