Optimizing ARP for b =  150.0
Optimizing Delta, T, and phases
0.797445217018918
0.8125190361551093
0.7767243881578093
0.8294219436019726
0.8495244443082997
[0.44108804 0.17044364]
0.8581251932092478
0.8763137174230381
[0.48724842 0.16097454]
0.8920838479469939
0.9020571153629573
[0.53084433 0.11836364]
0.9016236788778027
[0.53084433 0.11836364]
0.8934788404573144
0.8997445168745838
[0.53084433 0.11836364]
0.8964466141338483
0.9016015645159077
[0.53084433 0.11836364]
0.9006784338609077
0.9021783941607929
[0.56225903 0.10771091]
0.902339208515165
0.900694890103504
[0.51609865 0.11718   ]
0.9027007928705586
0.9021473665712266
[0.54751335 0.10652727]
0.9025853306408376
[0.54751335 0.10652727]
0.9031705796563286
0.9026694990477863
[0.53276768 0.10534364]
0.9007393133325879
0.9032458186363139
[0.52074675 0.11096591]
0.9035954231544
0.9034884000267582
[0.50600107 0.10978227]
0.9026893282324573
0.9034030419411917
[0.50600107 0.10978227]
0.903751142448828
0.9038930944270672
[0.5021143  0.10452989]
0.903992815382031
0.9039094765925588
[0.48504458 0.10645329]
0.9041939938032932
0.9048110100720965
[0.46873618 0.09691023]
0.9045367512796529
[0.46873618 0.09691023]
0.9069736786654691
0.9001661564966147
[0.43535806 0.08929057]
0.9062082468410606
[0.43535806 0.08929057]
0.8998382062872062
0.9060130135584663
[0.43535806 0.08929057]
0.9047819228000825
0.9065255503638632
[0.43535806 0.08929057]
0.9067160606462552
[0.43535806 0.08929057]
0.9072580017436893
0.9073427713015123
[0.40238064 0.09158386]
0.9070210380599859
[0.40238064 0.09158386]
0.9068162691944321
0.9072927978749684
[0.40238064 0.09158386]
0.9068998499248364
0.9073449796009823
[0.4078101  0.08954949]
0.9073170486778497
0.9074067016676343
[0.39791787 0.09101979]
0.9071836143576629
0.9074197844122901
[0.40262231 0.09093425]
0.9071346427380846
0.9074214979199509
[0.4040401  0.09026325]
0.9074109525612948
0.907425774076221
[0.40603787 0.09038823]
0.9073703795590816
0.9074299578322178
[0.40383065 0.09063   ]
0.9074228558514272
0.907427734842396
[0.40383065 0.09063   ]
0.9074227789347976
0.9074286775240119
[0.40383065 0.09063   ]
0.9074298510379268
[0.40383065 0.09063   ]
0.9074295470448297
0.9074301942957088
[0.40304045 0.09059837]
0.9074286612171405
0.9074302576355712
[0.40360339 0.09056088]
0.9074295917528052
0.9074302285209519
[0.40360339 0.09056088]
0.90743010811701
0.9074302715887893
[0.40331514 0.09059061]
0.9074301328776424
0.9074302761526225
[0.40351778 0.09059028]
0.9074301737662656
0.9074302973699202
[0.40350993 0.09057566]
0.9074302652678363
0.9074302975895496
[0.4034145  0.09058679]
0.9074302794059018
0.9074302953225013
[0.4034145  0.09058679]
0.9074302975895496
Phase:  [2.41179757 1.48989355 1.48991429 1.48987658]
Final Fidelity:  0.9074302975895496
Final Params:  [0.4034145  0.09058679]
