Optimizing ARP for b =  50.0
Optimizing Delta, T, and phases
0.8653839774947347
0.8720601861782907
0.8569653840178173
0.8782182232646126
0.8852280801469146
[0.51392917 0.17392623]
0.8879568316951921
0.8926620420794937
[0.56771245 0.16426366]
0.8956478520889394
0.8949130023615544
[0.5796643  0.14493852]
0.8948028640130999
[0.5796643  0.14493852]
0.8935862461622643
0.8949063696129406
[0.5796643  0.14493852]
0.8962747324124875
0.8964566712397162
[0.5415678  0.13889942]
0.8907464777782469
0.8959445330831
[0.5415678  0.13889942]
0.8970506667693103
0.8976108100040666
[0.54296841 0.12093308]
0.8983053655128979
0.8991321419979489
[0.44021059 0.11980075]
0.8999701619596953
0.897440473000739
[0.44161119 0.10183441]
0.897339823013946
0.8992717945388917
[0.44161119 0.10183441]
0.8987148953308386
0.9000510454258166
[0.453493   0.11432781]
0.9000891724108477
0.9028845732428612
[0.358777   0.09249267]
0.8971336345411877
0.8998830913415885
0.8994288335389958
0.9012042917908976
[0.358777   0.09249267]
0.8975411771234092
0.900406847695546
[0.358777   0.09249267]
0.9023777261306691
[0.358777   0.09249267]
0.8920758212069093
0.9025033157923689
[0.358777   0.09249267]
0.9017803757529862
0.9028494541313643
[0.358777   0.09249267]
0.9013545687208335
0.9028458357634079
[0.358777   0.09249267]
0.9024287640277041
0.9029114529144266
[0.36791457 0.09276073]
0.9029019896800276
[0.36791457 0.09276073]
0.9028492833747755
0.9029161030818871
[0.36101315 0.09275575]
0.9028785640627343
0.9029188477219755
[0.36152395 0.09301758]
0.9028874408175405
0.9029204205981587
[0.36459156 0.0928237 ]
0.9029121652266239
0.9029203892176618
[0.36459156 0.0928237 ]
0.902916353710542
0.9029209427881417
[0.36241873 0.09292426]
0.9029190836064236
0.9029212162450247
[0.3627703  0.09285609]
0.9029183549206952
0.9029212497157666
[0.36359304 0.09285694]
0.9029206775439027
0.9029212615415003
[0.3628002  0.09289039]
0.9029211092952218
0.902921321177049
[0.36298346 0.09286487]
0.902920917702463
0.9029213409419352
[0.36324243 0.09286728]
0.9029212623654441
0.9029213045623898
[0.36324243 0.09286728]
0.9029213228777281
[0.36324243 0.09286728]
0.9029213152004394
0.9029213406402539
[0.36324243 0.09286728]
0.9029213118294785
0.9029213354643533
[0.36324243 0.09286728]
0.902921324041804
0.9029213230346116
0.9029213331106547
0.9029213296215629
[0.36324243 0.09286728]
0.9029213368772782
[0.36324243 0.09286728]
0.9029212913021869
0.9029213270251195
0.9029213364253181
0.902921335546883
[0.36324243 0.09286728]
0.9029213409419352
Phase:  [2.90611853 1.87536005 1.87510438 1.87527328]
Final Fidelity:  0.9029213409419352
Final Params:  [0.36324243 0.09286728]
