Optimizing ARP for b =  70.0
Optimizing Delta, T, and phases
0.891383302087038
0.892266430535907
0.889451504230453
0.8933041141016062
0.8938744011509031
[0.71753747 0.16822215]
0.8933510237536171
[0.71753747 0.16822215]
0.8928163852715801
0.893422824699614
[0.71753747 0.16822215]
0.8941791942829618
0.8946195543906047
[0.70085055 0.15420364]
0.8945673928402872
[0.70085055 0.15420364]
0.8957185960470428
0.8967822218724459
[0.61741596 0.14018513]
0.8960592416996661
[0.61741596 0.14018513]
0.8988084972208654
0.9006846924644358
[0.50060754 0.09812959]
0.901682784566488
0.9035110853596938
[0.37545565 0.09579317]
0.6854245662134936
0.8999331840536264
[0.37545565 0.09579317]
0.8735608601817558
0.9014925997689702
[0.37545565 0.09579317]
0.8958605902390899
0.9016628920319543
[0.37545565 0.09579317]
0.9017599424593883
[0.37545565 0.09579317]
0.8471594146731091
0.903211693959524
[0.37545565 0.09579317]
0.9014396233473589
0.9048034410765555
[0.37651488 0.09191891]
0.9035038866274052
0.9045567746552586
[0.37651488 0.09191891]
0.9027603630780948
0.9043914569260564
[0.37651488 0.09191891]
0.9042421593992447
0.9046528792138019
[0.37651488 0.09191891]
0.9047242297303005
[0.37651488 0.09191891]
0.9046307350206452
0.9047643470813216
[0.37651488 0.09191891]
0.9046936100616203
0.9047811071454743
[0.37651488 0.09191891]
0.9047845870731606
[0.37651488 0.09191891]
0.9047256938795631
0.9048015141937507
[0.37651488 0.09191891]
0.9047907770226501
0.9048034918642456
[0.37663045 0.09217914]
0.9047864875833826
0.9048061520217174
[0.37890779 0.09203597]
0.9047961504108581
0.9048060430929076
[0.37890779 0.09203597]
0.9048048894103442
0.9048063371753237
[0.37872211 0.09194734]
0.9048042282347414
0.9048065866355383
[0.37797847 0.09200245]
0.9048054591093757
0.9048065467555478
[0.37797847 0.09200245]
0.9048063273320903
0.9048065511876193
[0.37797847 0.09200245]
0.9048063955578081
0.9048066223795728
[0.37843737 0.09199724]
0.904806564526553
0.9048066326465501
[0.37805542 0.09201194]
0.9048065861506214
0.9048066192347275
[0.37805542 0.09201194]
0.9048066102328414
0.9048066212809047
[0.37805542 0.09201194]
0.9048066280608141
[0.37805542 0.09201194]
0.9048065755798055
0.9048066351819817
[0.37831088 0.09200289]
0.9048066244432619
0.9048066365476216
[0.37824826 0.09200627]
0.9048065925581692
0.9048066292736685
0.9048066306169513
0.9048066267563337
[0.37824826 0.09200627]
0.9048066365476216
Phase:  [2.7094606  1.72628783 1.72609172 1.72611409]
Final Fidelity:  0.9048066365476216
Final Params:  [0.37824826 0.09200627]
