Optimizing ARP for b =  90.0
Optimizing Delta, T, and phases
0.5018639981973518
0.5087537618282193
0.5011083287019689
0.5339252665754423
0.6414936003821236
[0.50851098 0.34712958]
0.6254688902946528
[0.50851098 0.34712958]
0.7222644673371523
0.8025734423462259
[0.56764017 0.26998967]
0.7850455768592398
[0.56764017 0.26998967]
0.882696453975244
0.896789437787231
[0.65042103 0.11570986]
0.8958054564821833
[0.65042103 0.11570986]
0.8823518872444392
0.8839887278213446
[0.65042103 0.11570986]
0.8842882446724317
0.8959797969672745
[0.65042103 0.11570986]
0.8957534377657462
0.896849171132332
[0.6592904  0.12535235]
0.8929966420173306
0.8972160962767175
[0.64672545 0.13740546]
0.8965723871452218
0.8970748952639709
[0.64672545 0.13740546]
0.8974572783588599
0.8973858303950132
[0.63914953 0.13559749]
0.896548468973227
0.8973217176597207
[0.63914953 0.13559749]
0.8975611482792337
0.8976377123792445
[0.63626236 0.12361971]
0.8979108073581843
0.898192570530573
[0.61846586 0.12877995]
0.8982558769644831
0.8983310648180514
[0.60379328 0.10740451]
0.8993341895121489
0.9002040139288171
[0.56086399 0.10703727]
0.8990415940748464
[0.56086399 0.10703727]
0.9012358764032062
0.8959507497549714
[0.50326211 0.08529459]
0.9017868679006641
0.9013994247598004
[0.5179347  0.10667003]
0.9028957402548845
0.8911723445318356
[0.46033283 0.08492735]
0.9026341235419741
[0.46033283 0.08492735]
0.9029049147510135
0.8821551979979274
[0.41740354 0.0845601 ]
0.897420387025793
0.9035716123187088
[0.4569368  0.09552325]
0.9045583259595928
0.9015316318907042
[0.41400751 0.09515601]
0.902567148296542
0.9052478237290045
[0.42643784 0.08994987]
0.9054406360391558
0.8993859123984009
[0.38350855 0.08958262]
0.9017447669980091
0.9055219196862261
[0.40949035 0.09246113]
0.9056531976806279
0.9044219879934187
[0.36656106 0.09209389]
0.9048062762914344
0.9058485205709735
[0.38576713 0.09093007]
0.9038920846470341
0.905835708470514
[0.38576713 0.09093007]
0.9056345095246348
0.9058368131252177
[0.38576713 0.09093007]
0.9055510177506727
0.9058825033721467
[0.38733768 0.09166982]
0.9058442100657889
0.9058729311320243
[0.38733768 0.09166982]
0.9058574145241259
0.905879145256012
[0.38733768 0.09166982]
0.9058348242127663
0.9058845266410342
[0.38995837 0.09134432]
0.9058852811887357
0.9058764750290585
[0.38652832 0.09143041]
0.9058758711952429
0.9058861996198498
[0.38779051 0.09152859]
0.9058799410534095
0.9058864676328504
[0.38855889 0.09141191]
0.9058840724180119
0.9058864750188543
[0.38735151 0.09145033]
0.9058853096946178
0.9058866373820513
[0.38787286 0.09147985]
0.9058857882353659
0.9058866609969953
[0.38808554 0.0914385 ]
0.9058864342263828
0.9058866363436542
[0.38808554 0.0914385 ]
0.9058866224432596
0.9058866862893766
[0.38782228 0.09145696]
0.9058865434505092
0.9058866969261532
[0.38791338 0.09146379]
0.9058866173987266
0.9058867054471895
[0.38797669 0.09144944]
0.9058867030278343
[0.38797669 0.09144944]
0.9058867054471895
Phase:  [2.59057533 1.63266262 1.63282263 1.63263671]
Final Fidelity:  0.9058867054471895
Final Params:  [0.38797669 0.09144944]
