Optimizing ARP for b =  150.0
Optimizing Delta, T, and phases
0.7622060155242852
0.7815604860763922
0.7391115856979267
0.8011992096857345
0.8263568421647206
[0.5423375 0.1999998]
0.8387140325756914
0.8643976950151799
[0.59909375 0.1888887 ]
0.8886699638141444
0.9128729523564357
[0.65269687 0.13888875]
0.9217949543270747
0.9329973442528431
[0.79301094 0.09166657]
0.9385282213050662
0.939392445848616
[ 0.97037422 -0.03194441]
0.9393924642481879
0.9393924493968673
[ 1.11068828 -0.07916659]
0.9393924627807513
[ 1.11068828 -0.07916659]
0.9393924668193524
0.9393924773058533
[ 1.65736133 -0.35902742]
0.9393924677948413
[ 1.65736133 -0.35902742]
0.9393924642566504
0.9393924555780644
0.9393924745725841
0.9393924728967717
[ 1.65736133 -0.35902742]
0.9393924687013155
0.9393924606379515
0.9393924359907895
0.9393924508517607
[ 1.65736133 -0.35902742]
0.9393924525444731
[ 1.65736133 -0.35902742]
0.939392479889092
0.9393924498457471
[ 1.70170215 -0.38993017]
0.9393924692716669
0.9393924767921612
[ 1.70170215 -0.38993017]
0.9393924729499183
0.939392461730842
0.9393924389226002
0.9393924692242418
[ 1.70170215 -0.38993017]
0.9393924521989636
0.9393924530383997
[ 1.70170215 -0.38993017]
0.9393924787229834
[ 1.70170215 -0.38993017]
0.9393924712764188
0.9393924559653496
0.9393924701317113
0.9393924394016129
[ 1.70170215 -0.38993017]
0.9393924078209749
0.9393924415780553
[ 1.70170215 -0.38993017]
0.939392468804222
0.9393924598092496
0.9393924594440208
0.939392457239387
[ 1.70170215 -0.38993017]
0.9393924336488072
0.9393924774677874
[ 1.70170215 -0.38993017]
0.9393924765051637
0.9393924757204103
0.9393924683607491
0.9393924562135757
[ 1.70170215 -0.38993017]
0.9393924306871857
0.9393924735154303
[ 1.70170215 -0.38993017]
0.9393924724891625
0.9393924632198859
0.9393924520006908
0.9393924774932607
[ 1.70170215 -0.38993017]
0.9393924739781674
0.9393924679199273
0.9393924812826524
0.9393924131892324
[ 1.70176065 -0.38990304]
0.9393924577221998
0.9393924665009491
[ 1.70176065 -0.38990304]
0.9393924812826524
Phase:  [-9.73581782e-05  3.14168786e+00  3.14157543e+00  3.14155730e+00
  3.14167538e+00]
Final Fidelity:  0.9393924812826524
Final Params:  [ 1.70176065 -0.38990304]
