Optimizing ARP for b =  30.0
Optimizing Delta, T, and phases
0.8476900054547818
0.8588109883050721
0.8360988261912137
0.8682492182818453
0.8807825403487592
[0.5423375 0.1999998]
0.8875596712473425
0.9003536390278354
[0.59909375 0.1888887 ]
0.911763271456864
0.9238935311524981
[0.65269687 0.13888875]
0.9290126619659707
0.9355156890562406
[0.79301094 0.09166657]
0.9387688754099214
0.9393924520032664
[ 0.97037422 -0.03194441]
0.9393924812278734
0.9393924649645146
[ 1.11068828 -0.07916659]
0.9393924752859046
[ 1.11068828 -0.07916659]
0.9393924539811703
0.9393924706886988
[ 1.11068828 -0.07916659]
0.939392467460154
0.9393924473654813
0.9393924674875455
0.9393924244659053
[ 1.11068828 -0.07916659]
0.939392454999695
0.9393924759005442
[ 1.11068828 -0.07916659]
0.9393924584885374
0.9393924536317189
0.9393924720228347
0.9393924542280576
[ 1.11068828 -0.07916659]
0.9393924601332669
0.9393924459990878
0.9393924585822159
0.9393924693250161
[ 1.11068828 -0.07916659]
0.9393924661177677
0.9393924640717207
0.9393924632313585
0.9393924518217465
[ 1.11068828 -0.07916659]
0.9393924527459183
0.9393924742644127
[ 1.11068828 -0.07916659]
0.939392439587136
0.9393924709282264
[ 1.11068828 -0.07916659]
0.9393924644766581
0.9393924663211275
0.9393924497778688
0.9393924400215288
[ 1.11068828 -0.07916659]
0.9393924589237387
[ 1.11068828 -0.07916659]
0.9393924529160504
0.9393924664348812
[ 1.11068828 -0.07916659]
0.9393924520825349
0.9393924472119731
0.9393924524695335
0.9393924750392951
[ 1.11068828 -0.07916659]
0.9393924712457221
0.9393924638633051
0.9393924570478998
0.9393924852261225
[ 1.11022594 -0.07884128]
0.9393924684249738
0.9393924691751363
[ 1.11022594 -0.07884128]
0.9393924751114522
0.9393924746003306
0.9393924701404708
0.9393924577661134
[ 1.11022594 -0.07884128]
0.9393924879352819
0.9393924754725528
[ 1.11039795 -0.07895305]
0.9393924676908202
0.9393924571510524
0.939392470608005
0.9393924571246981
[ 1.11039795 -0.07895305]
0.9393924879352819
Phase:  [1.18715465e-04 3.14165667e+00 3.14157984e+00 3.14164798e+00
 3.14176934e+00]
Final Fidelity:  0.9393924879352819
Final Params:  [ 1.11039795 -0.07895305]
