Optimizing ARP for b =  170.0
Optimizing Delta, T, and phases
0.7576991438315666
0.7773875010879479
0.7340659874779167
0.7975412901851519
0.8233347279753154
[0.5423375 0.1999998]
0.83595721365456
0.8623311186164508
[0.59909375 0.1888887 ]
0.8873468863434013
0.912268838553117
[0.65269687 0.13888875]
0.9214186886251841
0.932887425712257
[0.79301094 0.09166657]
0.9385236018512318
0.9393924643594002
[ 0.97037422 -0.03194441]
0.9393924786259529
0.9393924604514099
[ 1.11068828 -0.07916659]
0.939392470585605
[ 1.11068828 -0.07916659]
0.9393924706598551
[ 1.11068828 -0.07916659]
0.9393924822706299
0.9393924744605702
[ 1.25100234 -0.12638876]
0.9384617055931808
0.9393924771868282
[ 1.25100234 -0.12638876]
0.9393924552663859
0.9393924701351839
0.9393924548434455
0.939392448919137
[ 1.25100234 -0.12638876]
0.939392458628742
[ 1.25100234 -0.12638876]
0.9393924306431262
0.9393924804979316
[ 1.25100234 -0.12638876]
0.9393924622598318
0.9393924668807128
[ 1.25100234 -0.12638876]
0.9393924734967863
0.9393924748926585
[ 1.25100234 -0.12638876]
0.9393924648382309
0.9393924545428174
0.9393924489198364
0.9393924750309804
[ 1.25100234 -0.12638876]
0.9393924708598711
0.939392460282041
0.9393924820716674
0.9393924627547161
[ 1.25100234 -0.12638876]
0.9393924615425769
0.9393924675765833
[ 1.25100234 -0.12638876]
0.9393924753041739
0.9393924703253226
0.9393924588786289
0.9393924715477088
[ 1.25100234 -0.12638876]
0.939392458947284
0.9393924681524094
[ 1.25100234 -0.12638876]
0.9393924790285656
[ 1.25100234 -0.12638876]
0.9393924640293626
0.9393924749980375
[ 1.25100234 -0.12638876]
0.9393924687633909
0.9393924642116409
0.9393924743212339
0.939392459395924
[ 1.25100234 -0.12638876]
0.9393924576059391
0.9393924632299655
[ 1.25100234 -0.12638876]
0.9393924585086104
0.9393924314427842
0.9393924736816881
0.9393924323954911
[ 1.25100234 -0.12638876]
0.9393924545026543
0.9393924766804334
[ 1.25100234 -0.12638876]
0.9393924378291857
0.9393924814178437
[ 1.25100234 -0.12638876]
0.9393924150303424
0.9393924820522304
[ 1.25100234 -0.12638876]
0.9393924418278864
0.9393924497014082
0.939392472928694
0.9393924458347837
[ 1.25100234 -0.12638876]
0.9393924475652158
0.9393924713252716
[ 1.25100234 -0.12638876]
0.9393924463058828
0.9393924426534768
0.9393924734077896
0.9393924710233407
[ 1.25100234 -0.12638876]
0.9393924822706299
Phase:  [5.45568343e-05 3.14154128e+00 3.14159194e+00 3.14148696e+00
 3.14142539e+00]
Final Fidelity:  0.9393924822706299
Final Params:  [ 1.25100234 -0.12638876]
