Optimizing ARP for b =  200.0
Optimizing Delta, T, and phases
0.7523932039508158
0.7724607318269991
0.7281364001031487
0.793216180916225
0.8197521069808799
[0.5423375 0.1999998]
0.8326818041112097
0.8598673959883538
[0.59909375 0.1888887 ]
0.8857662264147164
0.9115464392015297
[0.65269687 0.13888875]
0.9209698614167783
0.9327587795539632
[0.79301094 0.09166657]
0.9385188432630414
0.9393924804242513
[ 0.97037422 -0.03194441]
0.939392465748249
[ 0.97037422 -0.03194441]
0.9393924759405375
[ 0.97037422 -0.03194441]
0.9393924562383863
0.9393924707963459
[ 0.97037422 -0.03194441]
0.9393924688898427
0.939392454260957
0.9393924703886285
0.9393924773348589
[ 0.97037422 -0.03194441]
0.9173653808704104
0.9393924589816094
0.9393924666188682
0.9393924702732188
[ 0.97037422 -0.03194441]
0.9393924467882295
0.9393924719466373
[ 0.97037422 -0.03194441]
0.9393924580470571
0.9393924845151509
[ 1.01972186 -0.05804031]
0.9393924706657796
0.9393924669086978
0.9393924583354898
0.9393924676887274
[ 1.01972186 -0.05804031]
0.9393924675799048
0.9393924760975909
[ 1.01972186 -0.05804031]
0.939392481376761
[ 1.01972186 -0.05804031]
0.9393924708137472
0.9393924274497746
0.9393924711683974
0.9393924665949756
[ 1.01972186 -0.05804031]
0.9393924630699242
0.9393924666477189
[ 1.01972186 -0.05804031]
0.93939245775325
0.9393924732432825
[ 1.01972186 -0.05804031]
0.9393924651620366
0.9393924753895686
[ 1.01972186 -0.05804031]
0.939392461638787
0.9393924751995381
[ 1.01972186 -0.05804031]
0.9393924753898213
[ 1.01972186 -0.05804031]
0.939392471261836
0.9393924715315062
0.9393924474575578
0.9393924712890873
[ 1.01972186 -0.05804031]
0.939392437897952
0.9393924776543539
[ 1.01972186 -0.05804031]
0.9393924511906019
0.9393924581433379
0.9393924697860255
0.9393924636215937
[ 1.01972186 -0.05804031]
0.9393924643136056
0.9393924528894255
0.9393924581614768
0.9393924311087014
[ 1.01972186 -0.05804031]
0.9393924618243398
[ 1.01972186 -0.05804031]
0.9393924672504982
[ 1.01972186 -0.05804031]
0.939392475926211
[ 1.01972186 -0.05804031]
0.9393924689157612
0.9393924438439041
0.9393924653908249
0.9393924484785101
[ 1.01972186 -0.05804031]
0.9393924676564214
[ 1.01972186 -0.05804031]
0.9393924686389038
[ 1.01972186 -0.05804031]
0.9393924681735435
0.9393924720989956
[ 1.01972186 -0.05804031]
0.939392455733319
0.9393924707813357
[ 1.01972186 -0.05804031]
0.9393924829926651
[ 1.01972186 -0.05804031]
0.9393924457545827
0.9393924626171187
0.9393924711699172
0.939392461778979
[ 1.01972186 -0.05804031]
0.9393924845151509
Phase:  [-1.67023578e-05  3.14148594e+00  3.14147159e+00  3.14163771e+00
  3.14155610e+00]
Final Fidelity:  0.9393924845151509
Final Params:  [ 1.01972186 -0.05804031]
