Optimizing ARP for b =  50.0
Optimizing Delta, T, and phases
0.8169522493884116
0.8314144563900736
0.800996210869869
0.8445669172045851
0.8617070531506525
[0.5423375 0.1999998]
0.8705796269447885
0.8879153267808667
[0.59909375 0.1888887 ]
0.9036680774641727
0.9198404323656805
[0.65269687 0.13888875]
0.9262649387302918
0.9344738220809472
[0.79301094 0.09166657]
0.9386399016227279
0.9393924601266068
[ 0.97037422 -0.03194441]
0.9393924541506522
[ 0.97037422 -0.03194441]
0.9393924557888387
[ 0.97037422 -0.03194441]
0.9393924793766435
0.9393924692515626
[ 1.1477375 -0.1555554]
0.7032496217517287
0.9393924684332984
[ 1.1477375 -0.1555554]
0.9393924654265103
0.939392464120275
0.9393924720275026
0.9393924720068422
[ 1.1477375 -0.1555554]
0.9393924591364113
0.9393924711647067
0.9393924788349547
0.9393924536749081
[ 1.1477375 -0.1555554]
0.9393924587132796
0.9393924628825199
[ 1.1477375 -0.1555554]
0.9393924631844773
0.9393924289303542
0.9393924602923087
0.9393924627145605
[ 1.1477375 -0.1555554]
0.9393924778628452
[ 1.1477375 -0.1555554]
0.9393924709425947
0.939392453023056
0.9393924272385752
0.9393924722116218
[ 1.1477375 -0.1555554]
0.9393924766979858
[ 1.1477375 -0.1555554]
0.9393924178150105
0.9393924749918091
[ 1.1477375 -0.1555554]
0.9393924567139204
0.9393924601617437
0.9393924615352021
0.939392471076824
[ 1.1477375 -0.1555554]
0.9393924679455585
0.9393924678621829
0.9393924789467972
0.9393924690013994
[ 1.1477375 -0.1555554]
0.9393924666473347
0.9393924711568834
[ 1.1477375 -0.1555554]
0.9393924446870757
0.9393924744024441
[ 1.1477375 -0.1555554]
0.9393924774472044
0.9393924905114343
[ 1.1482186  -0.15580119]
0.9393924742784316
0.939392466924771
0.939392457170378
0.9393924695134156
[ 1.1482186  -0.15580119]
0.9393924923027985
0.9393924371661604
[ 1.14869107 -0.15600702]
0.9393924579719758
0.9393924619182894
0.9393924760848485
0.9393924771463907
[ 1.14869107 -0.15600702]
0.9393924725254029
0.9393924623517903
0.9393924668997209
0.9393924727513975
[ 1.14869107 -0.15600702]
0.9393924645271331
0.9393924605967451
0.9393924605353319
0.9393924472598602
[ 1.14869107 -0.15600702]
0.9393924923027985
Phase:  [-1.49954909e-04  3.14154829e+00  3.14174824e+00  3.14155014e+00
  3.14157692e+00]
Final Fidelity:  0.9393924923027985
Final Params:  [ 1.14869107 -0.15600702]
