Optimizing ARP for b =  200.0
Optimizing Delta, T, and phases
0.9948393176009298
0.9952699187229246
0.994243057538316
0.9958148584156792
0.9964900945826453
[0.5423375 0.1999998]
0.9967838850402175
0.9974554859670467
[0.59909375 0.1888887 ]
0.9980876171204671
0.9985540961039722
[0.65269687 0.13888875]
0.998592837765071
0.9721287337382206
[0.70945312 0.12777765]
0.9981606794215893
0.9726664689491948
0.9985850889179951
0.9983562315192458
[0.70945312 0.12777765]
0.9725387328562112
0.9985238713699497
[0.70945312 0.12777765]
0.9985850081981185
0.9986054371503612
[0.70551172 0.12361099]
0.9985770195325421
0.9985942895712627
[0.70551172 0.12361099]
0.9986110296882881
0.9986205925306312
[0.68077939 0.12413182]
0.9986051990222714
0.9986150875886864
[0.68077939 0.12413182]
0.9986292420977143
0.9986285290349962
[0.66784666 0.12157106]
0.9986306581098612
0.998623141891631
[0.65604707 0.12465265]
0.9986370560913229
0.9986253713500892
[0.64311433 0.12209189]
0.9986339995177469
[0.64311433 0.12209189]
0.9986361201685083
[0.64311433 0.12209189]
0.9986100073473745
0.9986399283745361
[0.63103146 0.1237629 ]
0.9986349658111163
0.9986391126999464
[0.63103146 0.1237629 ]
0.9986379160599602
0.99863985511407
[0.63103146 0.1237629 ]
0.9986364389732022
0.9986401503580709
[0.62724959 0.1232892 ]
0.99863986957997
0.9986401452187577
[0.62724959 0.1232892 ]
0.9986395436685668
0.9986401923984671
[0.63044182 0.12354429]
0.9986401628110059
[0.63044182 0.12354429]
0.9986401070738253
0.9986402326211977
[0.62754441 0.1233985 ]
0.9986400963479579
0.9986402415706884
[0.62711488 0.12347135]
0.9986399677706951
0.998640254265885
[0.62888573 0.12348961]
0.9986402360177788
0.9986402512162401
[0.62888573 0.12348961]
0.9986402118413371
0.9986402541402544
[0.62888573 0.12348961]
0.9986402576531485
0.9986402554983772
[0.62849342 0.12345658]
0.9986402495379562
0.9986402568768002
[0.62849342 0.12345658]
0.9986402524141798
0.9986402569298763
[0.62849342 0.12345658]
0.9986402564111558
0.998640257994072
[0.62841271 0.12347432]
0.9986402568985857
0.9986402581044233
[0.62854249 0.1234723 ]
0.9986402566450038
0.9986402579477358
[0.62854249 0.1234723 ]
0.9986402566833971
0.9986402578690674
0.998640258337309
0.9986402580140539
[0.6284776  0.12347331]
0.998640258337309
Phase:  [-3.13601756 -3.13595947 -3.1357574  -3.1360202  -3.13588103]
Final Fidelity:  0.998640258337309
Final Params:  [0.6284776  0.12347331]
