Optimizing ARP for b =  200.0
Optimizing Delta, T, and phases
0.9933065064126874
0.9697802396804389
0.9938697502630655
0.9941701726001176
0.9943804052627514
[20.7     0.5805]
0.9947903763774059
0.9951274343170405
[19.55     0.64125]
0.9942532010817609
0.9947920881349204
[19.55     0.64125]
0.9951874347907915
0.9954033242695142
[15.95625     0.75009375]
0.9957932467321142
0.9956996943990387
[16.81875     0.75853125]
0.9915335090034694
0.9953549921596869
[16.81875     0.75853125]
0.9947770564729688
0.9954728163692342
[16.81875     0.75853125]
0.995617813752718
[16.81875     0.75853125]
0.9958352094058622
0.995899810672498
[17.9328125   0.78742969]
0.9958817068489633
[17.9328125   0.78742969]
0.9956959661510987
0.9958926282330652
[17.9328125   0.78742969]
0.9957506421814818
0.9959169838485908
[17.10625     0.79734375]
0.995876673606222
0.9959084659946738
[17.10625     0.79734375]
0.9958766271633915
0.995911701073272
[17.10625     0.79734375]
0.9959141028373938
[17.10625     0.79734375]
0.9958979133661569
0.9959173097851006
[17.40441895  0.79435437]
0.9959147556076557
0.9959173031128178
[17.40441895  0.79435437]
0.9959136242983644
0.9959181715691421
[17.20272675  0.79556293]
0.9959169232506604
0.9959179623529788
[17.20272675  0.79556293]
0.9959158827592145
0.9959180638656595
[17.20272675  0.79556293]
0.995918696592478
0.9959185587422847
[17.26903257  0.79606766]
0.9959174718382404
0.9959181568025597
[17.26903257  0.79606766]
0.9959182060418548
[17.26903257  0.79606766]
0.9959177896178368
0.9959180266483397
0.9959181756386049
0.9959180913041774
[17.26903257  0.79606766]
0.9959182561819964
[17.26903257  0.79606766]
0.9959181808493829
0.9959182310201493
[17.26903257  0.79606766]
0.9959182999180836
[17.26903257  0.79606766]
0.9959181785154683
0.9959182276341079
0.9959181652491361
0.9959182566388896
[17.26903257  0.79606766]
0.9959181601685337
0.9959182265465762
[17.26903257  0.79606766]
0.9959182021549302
0.9959182429690607
[17.26903257  0.79606766]
0.995918170290048
0.9959182596967442
[17.26903257  0.79606766]
0.9959180538660619
0.9959182477314904
0.9959183551191194
0.9959181872837277
[17.26903257  0.79606766]
0.9959182680241155
0.995918255773816
0.9959187099338874
0.9959183214602284
[17.26855939  0.79609442]
0.9959182835337188
0.9959184022857371
[17.26855939  0.79609442]
0.9959182348342716
0.9959183706393282
0.9959182999159516
0.9959182628860213
[17.26855939  0.79609442]
0.9959182114459615
0.9959188527356145
[17.26865687  0.79609282]
0.995918333317269
0.9959183282325561
0.9959187832191461
0.9959182800504653
[17.26865687  0.79609282]
0.9959188527356145
Phase:  [ 0.90641568  2.96481997 -3.31841609 -3.3182565  -3.3185176 ]
Final Fidelity:  0.9959188527356145
Final Params:  [17.26865687  0.79609282]
