Optimizing ARP for b =  110.0
Optimizing Delta, T, and phases
0.9910667527782089
0.9916202117921579
0.9904985814782542
0.9921636775736712
0.9929354514314849
[0.5423375 0.1999998]
0.9933863123410038
0.9943240287909713
[0.59909375 0.1888887 ]
0.9952507937171486
0.9963727695164363
[0.65269687 0.13888875]
0.9969134099749959
0.9976014664531097
[0.79301094 0.09166657]
0.9871912459462057
0.9961161189165546
[0.79301094 0.09166657]
0.9976538792429378
0.9871912459462057
[0.78473398 0.07847214]
0.9779605719167689
0.9972035186641642
[0.78473398 0.07847214]
0.9970951119617699
0.9974659694559308
[0.78473398 0.07847214]
0.9977057468276617
0.997095112459896
[0.82291636 0.07161451]
0.9966941932144536
0.9976427963938808
[0.82291636 0.07161451]
0.997218809950555
0.997681635140899
[0.82291636 0.07161451]
0.9977683673944049
0.9977684165899005
[0.86658899 0.06927619]
0.9974410678263305
0.9977510522120598
[0.86658899 0.06927619]
0.9978218999645582
0.9978523987635367
[0.88845648 0.07291863]
0.997872471098807
0.9978962521312181
[0.98669391 0.06364774]
0.9979583921707493
0.9979967954651011
[1.07954761 0.06629717]
0.9980188386198677
0.9980586209084796
[1.32244933 0.0490801 ]
0.9980729372649865
0.9980889064034728
[1.62960759 0.04577043]
0.9980636011482883
[1.62960759 0.04577043]
0.9980827475504023
[1.62960759 0.04577043]
0.9980967385490304
