Optimizing ARP for b =  50.0
Optimizing Delta, T, and phases
0.9924885301040939
0.9930213345383168
0.9919823090599086
0.993474614515094
0.994123163459777
[0.5423375 0.1999998]
0.9945156898312619
0.9952755239162159
[0.59909375 0.1888887 ]
0.9959846285096249
0.996833646383519
[0.65269687 0.13888875]
0.9972419956988048
0.9977334842930641
[0.79301094 0.09166657]
0.9881419517985073
0.9966506542617706
[0.79301094 0.09166657]
0.9977713297557455
0.9881419517985073
[0.78473398 0.07847214]
0.9758135260818097
0.997449056131119
[0.78473398 0.07847214]
0.9972312618088899
0.9976389321930749
[0.78473398 0.07847214]
0.9977705425946534
[0.78473398 0.07847214]
0.9968656767991876
0.9977524665661544
[0.78473398 0.07847214]
0.997260086045882
0.9977910714908046
[0.80112161 0.07919914]
0.9976580157706353
0.9978173521869055
[0.80792208 0.07522508]
0.9978450890814055
0.9978716407114799
[0.84409757 0.07469204]
0.9978226276954393
[0.84409757 0.07469204]
0.9978890479798672
0.9979073537408039
[0.92664924 0.06766486]
0.9979442794071501
0.9979687964708162
[0.95432415 0.0720994 ]
0.997998625155467
0.9980289710521015
[1.13326496 0.06026232]
0.9980459224642141
0.9980648013588458
[1.27808517 0.06321286]
0.998083310739027
0.9980928572729397
[1.70837689 0.04101397]
0.9980964911268141
0.9981005840601803
[2.21316319 0.03581561]
0.9980283447439202
0.9980903456028275
[2.21316319 0.03581561]
0.9980985709754399
[2.21316319 0.03581561]
0.9980984088184452
0.9981024803158852
[2.5322683  0.02586653]
0.9981016540744951
[2.5322683  0.02586653]
0.9981032967492637
0.9981029145646985
[2.76242413 0.02571731]
0.9980412472243114
0.9981023932622531
[2.76242413 0.02571731]
0.9980959143622822
0.9981027285986774
[2.76242413 0.02571731]
0.9981032517439737
[2.76242413 0.02571731]
0.9981036904721128
0.9981040119297497
[3.19070023 0.02422187]
0.9981039521793321
[3.19070023 0.02422187]
0.9981044930545183
0.9981047717641935
[3.95114575 0.01763997]
0.9981047739822586
0.9981049675922151
[4.45951073 0.01913703]
0.9981052159275478
0.998096635745578
[5.21995626 0.01255514]
0.99810532787421
0.9981054322698136
[6.61690899 0.01225832]
0.9980967148573378
0.9981052203773776
[6.61690899 0.01225832]
0.9981053875980832
[6.61690899 0.01225832]
0.9981055047479238
0.9981055562204781
[9.42630675 0.0100563 ]
0.9981055626245557
0.9971797217949973
[9.45729133e+00 6.83955559e-03]
0.9981055979056627
0.9949654107947858
[1.22666891e+01 4.63753818e-03]
0.9941784570367125
0.9981055771591284
[1.22666891e+01 4.63753818e-03]
0.9981056070448292
0.9981056155446528
[1.47016737e+01 5.12332965e-03]
0.9979662501813615
0.9981055978166369
[1.47016737e+01 5.12332965e-03]
0.9981055849881061
0.9981056053269515
[1.47016737e+01 5.12332965e-03]
0.9981056169160571
0.9981056196772169
[1.64928921e+01 6.86193966e-03]
0.9981056246584953
0.9981056280614936
[2.14935024e+01 6.70854191e-03]
0.9981056273015375
[2.14935024e+01 6.70854191e-03]
0.998105631967584
0.9981056340217797
[3.41815505e+01 9.00966141e-03]
0.9981056343007451
0.9981056359641479
[3.69431378e+01 6.68300116e-03]
0.9981056369655001
0.9981056370077576
[6.37000278e+01 1.01219100e-02]
0.9981056372844759
0.998105638722804
[8.26016472e+01 7.18804396e-03]
0.9981056381173239
[8.26016472e+01 7.18804396e-03]
0.9981056381363901
[8.26016472e+01 7.18804396e-03]
0.998105638945142
