ddfac=0.15
Optimizing SP for b =  10.0
Optimizing Delta, T, and phases
0 1.0
0 1.0
1 0.9999955807401756
1 0.9999961426706928
2 0.9999955807401756
2 0.9999961426706928
3 0.9999913218720045
3 0.9999924442255952
4 0.9999955807401756
4 0.9999961426706928
5 0.9999913218720045
5 0.9999924442255952
6 0.9999913218720045
6 0.9999924442255952
7 0.9999870073090688
7 0.9999886886652181
8 0.9999955807401756
8 0.9999961426706928
9 0.9999913218720045
9 0.9999924442255952
10 0.9999913218720045
10 0.9999924442255952
11 0.9999870073090688
11 0.9999886886652181
12 0.9999913218720045
12 0.9999924442255953
13 0.9999870073090688
13 0.9999886886652181
14 0.9999870073090688
14 0.9999886886652181
15 0.9999827751886863
15 0.9999850140952614
16 0.9999955807401756
16 0.9999961426706928
17 0.999991174969256
17 0.9999922901884761
18 0.999991174969256
18 0.9999922901884761
19 0.9999866551468161
19 0.9999883225784483
20 0.999991174969256
20 0.9999922901884761
21 0.9999866551468161
21 0.9999883225784483
22 0.9999866551468161
22 0.9999883225784483
23 0.9999819058586873
23 0.9999841244763796
24 0.999991174969256
24 0.9999922901884761
25 0.9999866551468161
25 0.9999883225784483
26 0.9999866551468161
26 0.9999883225784483
27 0.9999819058586873
27 0.9999841244763796
28 0.9999866551468161
28 0.9999883225784483
29 0.9999819058586873
29 0.9999841244763796
30 0.9999819058586873
30 0.9999841244763796
31 0.9999770276382004
31 0.9999797963886417
32 0.0035388077751081926
32 0.9999904099809376
0.9697934766352686
Final Fidelity:  0.9697934766352686
Leakage=0.9999903317564506 
