ddfac=0.1
Optimizing SP for b =  10.0
Optimizing Delta, T, and phases
0 1.0
0 1.0
1 0.9999955807401756
1 0.9999961426706928
2 0.9999955807401756
2 0.9999961426706928
3 0.999991326128623
3 0.9999924489591732
4 0.9999955807401756
4 0.9999961426706928
5 0.999991326128623
5 0.9999924489591732
6 0.999991326128623
6 0.9999924489591732
7 0.9999870246253184
7 0.9999887073978869
8 0.9999955807401756
8 0.9999961426706928
9 0.999991326128623
9 0.9999924489591732
10 0.999991326128623
10 0.9999924489591732
11 0.9999870246253184
11 0.9999887073978869
12 0.999991326128623
12 0.9999924489591733
13 0.9999870246253184
13 0.9999887073978869
14 0.9999870246253184
14 0.9999887073978869
15 0.9999828273660802
15 0.9999850690737548
16 0.9999955807401756
16 0.9999961426706928
17 0.999991174969256
17 0.9999922901884761
18 0.999991174969256
18 0.9999922901884761
19 0.9999866730077125
19 0.9999883408840845
20 0.999991174969256
20 0.9999922901884761
21 0.9999866730077125
21 0.9999883408840845
22 0.9999866730077125
22 0.9999883408840845
23 0.9999819634124286
23 0.9999841833530327
24 0.999991174969256
24 0.9999922901884761
25 0.9999866730077125
25 0.9999883408840845
26 0.9999866730077125
26 0.9999883408840845
27 0.9999819634124286
27 0.9999841833530327
28 0.9999866730077125
28 0.9999883408840845
29 0.9999819634124286
29 0.9999841833530327
30 0.9999819634124286
30 0.9999841833530327
31 0.9999771451435858
31 0.9999799165194474
32 0.003535975555471621
32 0.9999904305164363
0.96979340904885
Final Fidelity:  0.96979340904885
Leakage=0.9999903512812193 
