ddfac=0.05
Optimizing SP for b =  10.0
Optimizing Delta, T, and phases
0 1.0
0 1.0
1 0.9999955807401756
1 0.9999961426706928
2 0.9999955807401756
2 0.9999961426706928
3 0.9999913295760879
3 0.9999924528909466
4 0.9999955807401756
4 0.9999961426706928
5 0.9999913295760879
5 0.9999924528909466
6 0.9999913295760879
6 0.9999924528909466
7 0.9999870389136516
7 0.9999887231296861
8 0.9999955807401756
8 0.9999961426706928
9 0.9999913295760879
9 0.9999924528909466
10 0.9999913295760879
10 0.9999924528909466
11 0.9999870389136516
11 0.9999887231296861
12 0.9999913295760879
12 0.9999924528909466
13 0.9999870389136516
13 0.9999887231296861
14 0.9999870389136516
14 0.9999887231296861
15 0.9999828663780954
15 0.9999851109531719
16 0.9999955807401756
16 0.9999961426706928
17 0.999991174969256
17 0.9999922901884761
18 0.999991174969256
18 0.9999922901884761
19 0.9999866905494368
19 0.9999883588772418
20 0.999991174969256
20 0.9999922901884761
21 0.9999866905494368
21 0.9999883588772418
22 0.9999866905494368
22 0.9999883588772418
23 0.999982018757192
23 0.9999842400457983
24 0.999991174969256
24 0.9999922901884761
25 0.9999866905494368
25 0.9999883588772418
26 0.9999866905494368
26 0.9999883588772418
27 0.999982018757192
27 0.9999842400457983
28 0.9999866905494368
28 0.9999883588772419
29 0.999982018757192
29 0.9999842400457983
30 0.999982018757192
30 0.9999842400457983
31 0.9999772543901623
31 0.9999800284518942
32 0.003533095695725089
32 0.9999904503018537
0.9697933385296489
Final Fidelity:  0.9697933385296489
Leakage=0.9999903693068289 
