Optimizing ARP for b =  500.0
Optimizing Delta, T, and phases
0.9995186274559792
0.9995314905170288
0.9995186274559792
0.9995314912653174
0.9995183128656153
[24.15   0.513]
0.9994963135670913
0.9995330124659116
[23.575    0.53325]
0.99953301338479
0.9995283068752849
[23.575    0.50625]
0.9995186274559792
0.9995340868847592
[23.8625    0.516375]
0.9995340872602948
0.9995331872076382
[23.8625    0.489375]
0.9995314912653174
0.9995341278788148
[23.71875    0.5045625]
0.9995341278249299
[23.71875    0.5045625]
0.99953301338479
0.9995341640179997
[23.790625    0.49021875]
0.9995341615932053
[23.790625    0.49021875]
0.9995340872602948
0.9995341484286855
[23.790625    0.49021875]
0.9995341510559486
0.9995341964294053
[23.80859375  0.50350781]
0.9995341965758587
0.9995341850301742
[23.80859375  0.47650781]
0.9995341505576832
0.9995341836292181
[23.80859375  0.47650781]
0.9995341857158907
0.9995341516590124
0.9995341965758587
0.9995342066259624
[23.80410156  0.48331055]
0.9995342066259624
[23.80410156  0.48331055]
0.9995341831482041
0.9995341975864552
[23.80410156  0.48331055]
0.9995341767843792
0.9995341745222517
0.9995342066259624
0.9995341745222517
[23.80410156  0.48331055]
0.9995341986938892
0.9995342076644435
[23.80354004  0.47994214]
0.9995342076644435
[23.80354004  0.47994214]
0.9995341978897989
0.9995341998493382
0.9995342076644435
0.9995341998493382
[23.80354004  0.47994214]
0.9995341922958113
0.9995342048726401
[23.80354004  0.47994214]
0.9995341871352458
0.9995342062524701
[23.80354004  0.47994214]
0.9995342089677792
0.9995341871352458
[23.80346985  0.48163046]
0.9995342089677792
[23.80346985  0.48163046]
0.9995341871352458
0.9995342072213179
0.9995342089677792
0.9995342072213179
[23.80346985  0.48163046]
0.9995341873183079
0.9995342087993816
[23.80346985  0.48163046]
0.9995342088804684
0.9995342073462511
0.9995342089677792
0.9995342087511014
[23.80346985  0.48163046]
0.9995342096548143
0.9995342088709874
[23.80346107  0.48120869]
0.9995342073462511
0.9995342058975586
0.999534209493097
0.999534209493097
[23.80346107  0.48120869]
0.9995342096548143
[23.80346107  0.48120869]
0.9995342100223896
0.9995342080494359
[23.80345669  0.48141968]
0.9995342100223896
[23.80345669  0.48141968]
0.9995342103077849
0.9995342093338835
[23.8034523   0.48120879]
0.9995342080494359
0.9995342084119847
0.9995342088981511
0.9995342088981511
[23.8034523   0.48120879]
0.9995342080494359
0.9995342079137306
0.9995342093441824
0.9995342093441824
[23.8034523   0.48120879]
0.9995342103077849
Phase:  [0.19517904 0.195069   0.19514478]
Final Fidelity:  0.9995342103077849
Final Params:  [23.8034523   0.48120879]
