Simulating bitstr 1111 with dmpos=40 and dmstdpos=15
test1
test2
Creating density matrix vector for Liouvillian solver.
Creating density matrix vector for Liouvillian solver.
Creating wavefunction vector for Schrodinger solver.
Creating wavefunction vector for Schrodinger solver.
---------------------
Timestep 1 done
Full quantum state: 
logical state populations: 
0 0 0.062500
1 1 0.062495
2 2 0.062495
3 3 0.062477
4 4 0.062495
5 5 0.062477
6 6 0.062477
7 7 0.062407
8 8 0.062495
9 9 0.062495
10 10 0.062495
11 11 0.061018
12 12 0.062495
13 13 0.061018
14 14 0.061018
15 15 0.061937
dm32 constructed
test print_mat_sparse
0 0 0.000000e+00 -0.000000e+00
1 1 0.000000e+00 -0.000000e+00
1 2 0.000000e+00 -0.000000e+00
2 1 0.000000e+00 -0.000000e+00
2 2 0.000000e+00 -0.000000e+00
3 3 0.000000e+00 -0.000000e+00
3 6 0.000000e+00 -0.000000e+00
4 4 0.000000e+00 -0.000000e+00
4 5 0.000000e+00 -0.000000e+00
4 7 0.000000e+00 -0.000000e+00
5 4 0.000000e+00 -0.000000e+00
5 5 0.000000e+00 -0.000000e+00
5 8 0.000000e+00 -0.000000e+00
6 3 0.000000e+00 -0.000000e+00
6 6 0.000000e+00 -0.000000e+00
7 4 0.000000e+00 -0.000000e+00
7 7 0.000000e+00 -0.000000e+00
7 8 0.000000e+00 -0.000000e+00
8 5 0.000000e+00 -0.000000e+00
8 7 0.000000e+00 -0.000000e+00
8 8 0.000000e+00 -0.000000e+00
9 9 0.000000e+00 -0.000000e+00
9 18 0.000000e+00 -0.000000e+00
10 10 0.000000e+00 -0.000000e+00
10 11 0.000000e+00 -0.000000e+00
10 19 0.000000e+00 -0.000000e+00
11 10 0.000000e+00 -0.000000e+00
11 11 0.000000e+00 -0.000000e+00
11 20 0.000000e+00 -0.000000e+00
12 12 0.000000e+00 -0.000000e+00
12 15 0.000000e+00 -0.000000e+00
12 21 0.000000e+00 -0.000000e+00
13 13 0.000000e+00 -0.000000e+00
13 14 0.000000e+00 -0.000000e+00
13 16 0.000000e+00 -0.000000e+00
13 22 0.000000e+00 -0.000000e+00
14 13 0.000000e+00 -0.000000e+00
14 14 0.000000e+00 -0.000000e+00
14 17 0.000000e+00 -0.000000e+00
14 23 0.000000e+00 -0.000000e+00
15 12 0.000000e+00 -0.000000e+00
15 15 0.000000e+00 -0.000000e+00
15 24 0.000000e+00 -0.000000e+00
16 13 0.000000e+00 -0.000000e+00
16 16 0.000000e+00 -0.000000e+00
16 17 0.000000e+00 -0.000000e+00
16 25 0.000000e+00 -0.000000e+00
17 14 0.000000e+00 -0.000000e+00
17 16 0.000000e+00 -0.000000e+00
17 17 0.000000e+00 -0.000000e+00
17 26 0.000000e+00 -0.000000e+00
18 9 0.000000e+00 -0.000000e+00
18 18 0.000000e+00 -0.000000e+00
19 10 0.000000e+00 -0.000000e+00
19 19 0.000000e+00 -0.000000e+00
19 20 0.000000e+00 -0.000000e+00
20 11 0.000000e+00 -0.000000e+00
20 19 0.000000e+00 -0.000000e+00
20 20 0.000000e+00 -0.000000e+00
21 12 0.000000e+00 -0.000000e+00
21 21 0.000000e+00 -0.000000e+00
21 24 0.000000e+00 -0.000000e+00
22 13 0.000000e+00 -0.000000e+00
22 22 0.000000e+00 -0.000000e+00
22 23 0.000000e+00 -0.000000e+00
22 25 0.000000e+00 -0.000000e+00
23 14 0.000000e+00 -0.000000e+00
23 22 0.000000e+00 -0.000000e+00
23 23 0.000000e+00 -0.000000e+00
23 26 0.000000e+00 -0.000000e+00
24 15 0.000000e+00 -0.000000e+00
24 21 0.000000e+00 -0.000000e+00
24 24 0.000000e+00 -0.000000e+00
25 16 0.000000e+00 -0.000000e+00
25 22 0.000000e+00 -0.000000e+00
25 25 0.000000e+00 -0.000000e+00
25 26 0.000000e+00 -0.000000e+00
26 17 0.000000e+00 -0.000000e+00
26 23 0.000000e+00 -0.000000e+00
26 25 0.000000e+00 -0.000000e+00
26 26 0.000000e+00 -0.000000e+00
27 27 0.000000e+00 -0.000000e+00
27 54 0.000000e+00 -0.000000e+00
28 28 0.000000e+00 -0.000000e+00
28 29 0.000000e+00 -0.000000e+00
28 55 0.000000e+00 -0.000000e+00
29 28 0.000000e+00 -0.000000e+00
29 29 0.000000e+00 -0.000000e+00
29 56 0.000000e+00 -0.000000e+00
30 30 0.000000e+00 -0.000000e+00
30 33 0.000000e+00 -0.000000e+00
30 57 0.000000e+00 -0.000000e+00
31 31 0.000000e+00 -0.000000e+00
31 32 0.000000e+00 -0.000000e+00
31 34 0.000000e+00 -0.000000e+00
31 58 0.000000e+00 -0.000000e+00
32 31 0.000000e+00 -0.000000e+00
32 32 0.000000e+00 -0.000000e+00
32 35 0.000000e+00 -0.000000e+00
32 59 0.000000e+00 -0.000000e+00
33 30 0.000000e+00 -0.000000e+00
33 33 0.000000e+00 -0.000000e+00
33 60 0.000000e+00 -0.000000e+00
34 31 0.000000e+00 -0.000000e+00
34 34 0.000000e+00 -0.000000e+00
34 35 0.000000e+00 -0.000000e+00
34 61 0.000000e+00 -0.000000e+00
35 32 0.000000e+00 -0.000000e+00
35 34 0.000000e+00 -0.000000e+00
35 35 0.000000e+00 -0.000000e+00
35 62 0.000000e+00 -0.000000e+00
36 36 0.000000e+00 -0.000000e+00
36 45 0.000000e+00 -0.000000e+00
36 63 0.000000e+00 -0.000000e+00
37 37 0.000000e+00 -0.000000e+00
37 38 0.000000e+00 -0.000000e+00
37 46 0.000000e+00 -0.000000e+00
37 64 0.000000e+00 -0.000000e+00
38 37 0.000000e+00 -0.000000e+00
38 38 0.000000e+00 -0.000000e+00
38 47 0.000000e+00 -0.000000e+00
38 65 0.000000e+00 -0.000000e+00
39 39 0.000000e+00 -0.000000e+00
39 42 0.000000e+00 -0.000000e+00
39 48 0.000000e+00 -0.000000e+00
39 66 0.000000e+00 -0.000000e+00
40 40 0.000000e+00 -0.000000e+00
40 41 0.000000e+00 -0.000000e+00
40 43 0.000000e+00 -0.000000e+00
40 49 0.000000e+00 -0.000000e+00
40 67 0.000000e+00 -0.000000e+00
41 40 0.000000e+00 -0.000000e+00
41 41 0.000000e+00 -0.000000e+00
41 44 0.000000e+00 -0.000000e+00
41 50 0.000000e+00 -0.000000e+00
41 68 0.000000e+00 -0.000000e+00
42 39 0.000000e+00 -0.000000e+00
42 42 0.000000e+00 -0.000000e+00
42 51 0.000000e+00 -0.000000e+00
42 69 0.000000e+00 -0.000000e+00
43 40 0.000000e+00 -0.000000e+00
43 43 0.000000e+00 -0.000000e+00
43 44 0.000000e+00 -0.000000e+00
43 52 0.000000e+00 -0.000000e+00
43 70 0.000000e+00 -0.000000e+00
44 41 0.000000e+00 -0.000000e+00
44 43 0.000000e+00 -0.000000e+00
44 44 0.000000e+00 -0.000000e+00
44 53 0.000000e+00 -0.000000e+00
44 71 0.000000e+00 -0.000000e+00
45 36 0.000000e+00 -0.000000e+00
45 45 0.000000e+00 -0.000000e+00
45 72 0.000000e+00 -0.000000e+00
46 37 0.000000e+00 -0.000000e+00
46 46 0.000000e+00 -0.000000e+00
46 47 0.000000e+00 -0.000000e+00
46 73 0.000000e+00 -0.000000e+00
47 38 0.000000e+00 -0.000000e+00
47 46 0.000000e+00 -0.000000e+00
47 47 0.000000e+00 -0.000000e+00
47 74 0.000000e+00 -0.000000e+00
48 39 0.000000e+00 -0.000000e+00
48 48 0.000000e+00 -0.000000e+00
48 51 0.000000e+00 -0.000000e+00
48 75 0.000000e+00 -0.000000e+00
49 40 0.000000e+00 -0.000000e+00
49 49 0.000000e+00 -0.000000e+00
49 50 0.000000e+00 -0.000000e+00
49 52 0.000000e+00 -0.000000e+00
49 76 0.000000e+00 -0.000000e+00
50 41 0.000000e+00 -0.000000e+00
50 49 0.000000e+00 -0.000000e+00
50 50 0.000000e+00 -0.000000e+00
50 53 0.000000e+00 -0.000000e+00
50 77 0.000000e+00 -0.000000e+00
51 42 0.000000e+00 -0.000000e+00
51 48 0.000000e+00 -0.000000e+00
51 51 0.000000e+00 -0.000000e+00
51 78 0.000000e+00 -0.000000e+00
52 43 0.000000e+00 -0.000000e+00
52 49 0.000000e+00 -0.000000e+00
52 52 0.000000e+00 -0.000000e+00
52 53 0.000000e+00 -0.000000e+00
52 79 0.000000e+00 -0.000000e+00
53 44 0.000000e+00 -0.000000e+00
53 50 0.000000e+00 -0.000000e+00
53 52 0.000000e+00 -0.000000e+00
53 53 0.000000e+00 -0.000000e+00
53 80 0.000000e+00 -0.000000e+00
54 27 0.000000e+00 -0.000000e+00
54 54 0.000000e+00 -0.000000e+00
55 28 0.000000e+00 -0.000000e+00
55 55 0.000000e+00 -0.000000e+00
55 56 0.000000e+00 -0.000000e+00
56 29 0.000000e+00 -0.000000e+00
56 55 0.000000e+00 -0.000000e+00
56 56 0.000000e+00 -3.769911e+03
57 30 0.000000e+00 -0.000000e+00
57 57 0.000000e+00 -0.000000e+00
57 60 0.000000e+00 -0.000000e+00
58 31 0.000000e+00 -0.000000e+00
58 58 0.000000e+00 -0.000000e+00
58 59 0.000000e+00 -0.000000e+00
58 61 0.000000e+00 -0.000000e+00
59 32 0.000000e+00 -0.000000e+00
59 58 0.000000e+00 -0.000000e+00
59 59 0.000000e+00 -3.769911e+03
59 62 0.000000e+00 -0.000000e+00
60 33 0.000000e+00 -0.000000e+00
60 57 0.000000e+00 -0.000000e+00
60 60 0.000000e+00 -3.769911e+03
61 34 0.000000e+00 -0.000000e+00
61 58 0.000000e+00 -0.000000e+00
61 61 0.000000e+00 -3.769911e+03
61 62 0.000000e+00 -0.000000e+00
62 35 0.000000e+00 -0.000000e+00
62 59 0.000000e+00 -0.000000e+00
62 61 0.000000e+00 -0.000000e+00
62 62 0.000000e+00 -7.539822e+03
63 36 0.000000e+00 -0.000000e+00
63 63 0.000000e+00 -0.000000e+00
63 72 0.000000e+00 -0.000000e+00
64 37 0.000000e+00 -0.000000e+00
64 64 0.000000e+00 -0.000000e+00
64 65 0.000000e+00 -0.000000e+00
64 73 0.000000e+00 -0.000000e+00
65 38 0.000000e+00 -0.000000e+00
65 64 0.000000e+00 -0.000000e+00
65 65 0.000000e+00 -3.769911e+03
65 74 0.000000e+00 -0.000000e+00
66 39 0.000000e+00 -0.000000e+00
66 66 0.000000e+00 -0.000000e+00
66 69 0.000000e+00 -0.000000e+00
66 75 0.000000e+00 -0.000000e+00
67 40 0.000000e+00 -0.000000e+00
67 67 0.000000e+00 -0.000000e+00
67 68 0.000000e+00 -0.000000e+00
67 70 0.000000e+00 -0.000000e+00
67 76 0.000000e+00 -0.000000e+00
68 41 0.000000e+00 -0.000000e+00
68 67 0.000000e+00 -0.000000e+00
68 68 0.000000e+00 -3.769911e+03
68 71 0.000000e+00 -0.000000e+00
68 77 0.000000e+00 -0.000000e+00
69 42 0.000000e+00 -0.000000e+00
69 66 0.000000e+00 -0.000000e+00
69 69 0.000000e+00 -3.769911e+03
69 78 0.000000e+00 -0.000000e+00
70 43 0.000000e+00 -0.000000e+00
70 67 0.000000e+00 -0.000000e+00
70 70 0.000000e+00 -3.769911e+03
70 71 0.000000e+00 -0.000000e+00
70 79 0.000000e+00 -0.000000e+00
71 44 0.000000e+00 -0.000000e+00
71 68 0.000000e+00 -0.000000e+00
71 70 0.000000e+00 -0.000000e+00
71 71 0.000000e+00 -7.539822e+03
71 80 0.000000e+00 -0.000000e+00
72 45 0.000000e+00 -0.000000e+00
72 63 0.000000e+00 -0.000000e+00
72 72 0.000000e+00 -3.769911e+03
73 46 0.000000e+00 -0.000000e+00
73 64 0.000000e+00 -0.000000e+00
73 73 0.000000e+00 -3.769911e+03
73 74 0.000000e+00 -0.000000e+00
74 47 0.000000e+00 -0.000000e+00
74 65 0.000000e+00 -0.000000e+00
74 73 0.000000e+00 -0.000000e+00
74 74 0.000000e+00 -7.539822e+03
75 48 0.000000e+00 -0.000000e+00
75 66 0.000000e+00 -0.000000e+00
75 75 0.000000e+00 -3.769911e+03
75 78 0.000000e+00 -0.000000e+00
76 49 0.000000e+00 -0.000000e+00
76 67 0.000000e+00 -0.000000e+00
76 76 0.000000e+00 -3.769911e+03
76 77 0.000000e+00 -0.000000e+00
76 79 0.000000e+00 -0.000000e+00
77 50 0.000000e+00 -0.000000e+00
77 68 0.000000e+00 -0.000000e+00
77 76 0.000000e+00 -0.000000e+00
77 77 0.000000e+00 -7.539822e+03
77 80 0.000000e+00 -0.000000e+00
78 51 0.000000e+00 -0.000000e+00
78 69 0.000000e+00 -0.000000e+00
78 75 0.000000e+00 -0.000000e+00
78 78 0.000000e+00 -7.539822e+03
79 52 0.000000e+00 -0.000000e+00
79 70 0.000000e+00 -0.000000e+00
79 76 0.000000e+00 -0.000000e+00
79 79 0.000000e+00 -7.539822e+03
79 80 0.000000e+00 -0.000000e+00
80 53 0.000000e+00 -0.000000e+00
80 71 0.000000e+00 -0.000000e+00
80 77 0.000000e+00 -0.000000e+00
80 79 0.000000e+00 -0.000000e+00
80 80 0.000000e+00 -1.130973e+04
fidelity between seq(32*32) and std is 6.19374687831248174619e-02
sum of the diag is 0.994795
6.19374687831248174619e-02
