Optimizing ARP for b =  200.0
Optimizing Delta, T, and phases
0.9994784452515346
0.9995616360242953
0.9994567141974225
0.999392327314513
0.9995205825347488
[24.15  0.54]
0.9995636263970096
0.9995313334715655
[24.4375  0.5535]
0.999549906969927
0.9995642517825639
[24.796875  0.543375]
0.9995440201784279
0.999568149215184
[24.38359375  0.54421875]
0.9995530250599964
0.9995679707261648
[24.38359375  0.54421875]
0.9995656456970418
0.9995682579798223
[24.2746582   0.54796289]
0.9995657285876159
0.9995686223848729
[24.42149658  0.54736963]
0.9995666991558448
0.9995689195349245
[24.36583557  0.5459425 ]
0.999568188614633
0.9995684420697702
[24.36583557  0.5459425 ]
0.9995686151858728
0.9995689001455921
[24.36583557  0.5459425 ]
0.9995684463664863
0.9995686684949074
[24.36583557  0.5459425 ]
0.9995688649026142
0.9995690117441234
[24.38790936  0.54582751]
0.9995683764758468
0.9995686308955706
0.9995688878814407
0.9995686065374842
[24.38790936  0.54582751]
0.999568965573604
[24.38790936  0.54582751]
0.9995676555943838
0.9995687015883509
0.9995687626870882
0.9995673682597586
[24.38790936  0.54582751]
0.9995686168734854
0.9995685875582356
0.9995685920082978
0.99956866918902
[24.38790936  0.54582751]
0.9995687108158074
[24.38790936  0.54582751]
0.9995686770809376
0.9995680870428714
0.9995675093614433
0.9995685764041218
[24.38790936  0.54582751]
0.9995686275940253
[24.38790936  0.54582751]
0.9995688093196344
[24.38790936  0.54582751]
0.9995687074685531
0.999568751559187
[24.38790936  0.54582751]
0.9995686057392424
0.9995686072056301
0.9995686652579301
0.9995685591781555
[24.38790936  0.54582751]
0.9995686648521881
0.9995686011848904
0.9995686726931048
0.9995687769093631
[24.38790936  0.54582751]
0.999568784083005
[24.38790936  0.54582751]
0.9995686112957763
0.9995689979685385
[24.38790936  0.54582751]
0.9995685998439986
0.9995686175116963
0.9995690050200167
0.999568620670298
[24.38790936  0.54582751]
0.9995688338599699
0.9995689211249181
[24.38790936  0.54582751]
0.9995690117441234
Phase:  [0.6199228  0.61978057 0.61969348 0.61990573 0.619657  ]
Final Fidelity:  0.9995690117441234
Final Params:  [24.38790936  0.54582751]
