Optimizing ARP for b =  200.0
Optimizing Delta, T, and phases
0.9700472055386449
0.9699021693133449
0.9701441528317488
0.9701365315935294
[23.     0.567]
0.9701638924909499
0.9701017241163585
[21.85   0.594]
0.9701176930260076
0.9701662194538134
[22.1375   0.57375]
0.9701123677858717
0.9701703168170863
[22.496875   0.5754375]
0.9701237626981882
0.9701725614472643
[22.08359375  0.58429688]
0.9701697444759689
0.9701733609177579
[22.36660156  0.58292578]
0.970167405987298
0.9701737244431594
[22.36098633  0.57952441]
0.9701683658142425
0.9701740261068554
[22.22369385  0.58276099]
0.9701731840215206
0.9701739226640722
[22.22369385  0.58276099]
0.9701733381158645
0.970174184878044
[22.31878433  0.58096101]
0.9701739240564595
0.9701741641233161
[22.31878433  0.58096101]
0.9701739555686009
0.9701741883863456
[22.25207381  0.58206434]
0.9701741647441657
0.9701740830431204
0.9701741488433514
0.9701741079819476
[22.25207381  0.58206434]
0.9701741434254169
0.9701743089097316
[22.2795779   0.58172308]
0.9701741124220468
0.9701742040299299
[22.2795779   0.58172308]
0.9701740842379866
0.9701741722613813
0.9701741126728858
0.9701741503180332
[22.2795779   0.58172308]
0.9701741330855757
0.9701741109116357
0.9701736032400639
0.9701741812242084
[22.2795779   0.58172308]
0.9701742160152601
[22.2795779   0.58172308]
0.9701742346546856
[22.2795779   0.58172308]
0.9701740588105484
0.9701741467627487
0.9701741364835396
0.9701741542757096
[22.2795779   0.58172308]
0.9701741878873545
[22.2795779   0.58172308]
0.970174132355839
0.9701741399456734
0.9701743162893017
0.9701737592321071
[22.279331    0.58172184]
0.9701741870144497
0.9701741230179879
0.9701742795615607
0.9701741715644732
[22.279331    0.58172184]
0.9701741846863292
0.9701741271727936
0.9701742655948763
0.9701740804816308
[22.279331    0.58172184]
0.9701742825838874
[22.279331    0.58172184]
0.970174316823518
0.9701736232849684
[22.27890125  0.58172717]
0.9701740770186851
0.9701742418215081
0.9701742206873023
0.9701742441020551
[22.27890125  0.58172717]
0.9701738098175124
0.9701740205864468
0.9701741986197675
0.9701739969094251
[22.27890125  0.58172717]
0.9701741523356687
0.9701740999794568
0.9701742348828122
0.9701742561923776
[22.27890125  0.58172717]
0.970174316823518
Phase:  [4.06248416 0.58186453 0.5821731 ]
Final Fidelity:  0.970174316823518
Final Params:  [22.27890125  0.58172717]
