Optimizing ARP for b =  200.0
Optimizing Delta, T, and phases
0.9970768367360605
0.9969762134817283
0.9968922018390451
0.9968408914483675
0.9970204010992485
[0.54 0.2 ]
0.9968677825001395
0.9970414602031052
[0.54 0.2 ]
0.9970736782397631
[0.54 0.2 ]
0.9971269685369936
0.9971648195663053
[0.52228125 0.191875  ]
0.997089456998329
[0.52228125 0.191875  ]
0.9971836866623105
0.9972179478265162
[0.4741875 0.18125  ]
0.997324292115539
0.997403357442834
[0.46701562 0.1684375 ]
0.9973222666741828
[0.46701562 0.1684375 ]
0.9971940281118321
0.9973572694703419
[0.46701562 0.1684375 ]
0.9972503832328459
0.9973701956321869
[0.46701562 0.1684375 ]
0.9973994762478986
[0.46701562 0.1684375 ]
0.9973469318609763
0.9974023996473345
[0.46701562 0.1684375 ]
0.9973783231520954
0.9974064825765768
[0.4537793  0.16332031]
0.9973921979719325
0.9974092551906057
[0.45495264 0.16504883]
0.9973965720990831
0.9974099061649062
[0.4606908  0.16631104]
0.9974073094824614
0.9974098664713511
[0.4606908  0.16631104]
0.9974054159880025
0.9974103512112478
[0.45760975 0.16581711]
0.997409825401855
0.997410262482806
[0.45760975 0.16581711]
0.9974096742318445
0.9974103045436645
[0.45760975 0.16581711]
0.9974103246897663
[0.45760975 0.16581711]
0.9974097016919894
0.997410423505291
[0.45864721 0.16596203]
0.9974103711203833
[0.45864721 0.16596203]
0.997410307160746
0.997410408303996
[0.45864721 0.16596203]
0.9974103752623575
0.9974104149035772
[0.45864721 0.16596203]
0.9974103558039533
0.9974104253361841
[0.45828471 0.16592331]
0.9974104248530377
[0.45828471 0.16592331]
0.9974104143469913
0.997410428801479
[0.45855343 0.16597474]
0.997410418536277
0.9974104291347573
[0.45852682 0.16600031]
0.997410419215397
0.9974104287515938
[0.45852682 0.16600031]
0.9974104255174477
0.9974104300634545
[0.45847627 0.16597147]
0.9974104300634545
Phase:  [-1.09065171 -1.0904477  -1.09075319]
Final Fidelity:  0.9974104300634545
Final Params:  [0.45847627 0.16597147]
