Optimizing ARP for b =  200.0
Optimizing Delta, T, and phases
0.9917478717078921
0.9901474714176126
0.9930100430038851
0.994386724969061
0.9959953333234124
[0.486 0.215]
0.9967046680284258
0.9975462505792805
[0.459  0.2375]
0.9959995922752699
[0.459  0.2375]
0.990397252338077
0.997353469071363
[0.459  0.2375]
0.9955931769430094
0.9972682434880618
[0.459  0.2375]
0.996852459338024
0.9974902559458826
[0.459  0.2375]
0.9973466537758253
0.9974815179026647
[0.459  0.2375]
0.9974819890589803
0.9975150795631622
[0.459  0.2375]
0.9975763535359127
0.9976006355803072
[0.47334375 0.24390625]
0.9975423614003481
0.997569543968418
[0.47334375 0.24390625]
0.9976056490852666
0.9976032482598088
[0.48832031 0.24824219]
0.9976446605090632
0.9976799372751124
[0.49454297 0.25455078]
0.9976652644292964
[0.49454297 0.25455078]
0.9977426947048565
0.9978020176977452
[0.52945313 0.27367187]
0.9978016069062352
[0.52945313 0.27367187]
0.9979148780485904
0.9980030996365179
[0.57680859 0.30541016]
0.9979528407928355
[0.57680859 0.30541016]
0.9980656973839153
0.998020382020898
[0.63914063 0.34148437]
0.9981421949489963
0.9982166987557861
[0.64035352 0.35084961]
0.9981534538783853
[0.64035352 0.35084961]
0.9983194643305233
0.998334252539624
[0.73627734 0.42369141]
0.9984030926320945
0.9983373175440422
[0.67394531 0.38761719]
0.995422725819044
0.9983387027795371
[0.67394531 0.38761719]
0.9982031862784674
0.9984077700087647
[0.70480811 0.40331299]
0.9984723344214477
0.9983996227313712
[0.706021   0.41267822]
0.9983438537066294
0.9984333525861129
[0.706021   0.41267822]
0.9984560264538155
[0.706021   0.41267822]
0.9984566757905267
[0.706021   0.41267822]
0.9984268256087951
0.998471581694625
[0.706021   0.41267822]
0.9984432442992096
0.99847477065015
[0.70481223 0.41725784]
0.9984729702339591
[0.70481223 0.41725784]
0.9984645603824924
0.9984766141348129
[0.70723183 0.41507103]
0.9984701708550205
0.9984768831732501
[0.70904756 0.41691713]
0.9984652038895883
0.9984776316463678
[0.70647596 0.41662596]
0.9984760998330587
0.9984774265218629
[0.70647596 0.41662596]
0.9984774673397913
[0.70647596 0.41662596]
0.9984753422148227
0.9984778303583071
[0.70659868 0.41602466]
0.9984774965717326
0.9984777274986798
[0.70659868 0.41602466]
0.9984775546839205
0.998477769119287
[0.70659868 0.41602466]
0.9984778123091297
[0.70659868 0.41602466]
0.9984777423057568
0.9984778226234805
[0.70659868 0.41602466]
0.9984777814072276
0.9984778326218864
[0.7062656  0.41597814]
0.9984778156941579
0.9984778346540473
[0.70646913 0.41610552]
0.9984778028580765
0.9984778370133467
[0.70648302 0.41603325]
0.9984778299640509
0.9984778356556601
[0.70648302 0.41603325]
0.998477836360181
[0.70648302 0.41603325]
0.9984778307473481
0.9984778371560283
[0.70640236 0.41600806]
0.9984778371560283
Phase:  [ 2.92201536 -0.05290261 -0.05274051]
Final Fidelity:  0.9984778371560283
Final Params:  [0.70640236 0.41600806]
