Optimizing ARP for b =  200.0
Optimizing Delta, T, and phases
0.9876636162855692
0.9871993944138697
0.9879208682838772
0.9882222225025578
0.9883762731270903
[0.45405    0.23888865]
0.9881935485085758
[0.45405    0.23888865]
0.9872561041757872
0.9882535060417691
[0.45405    0.23888865]
0.988157929635257
0.9883038949205654
[0.45405    0.23888865]
0.988234809427686
0.9883192186103006
[0.45405    0.23888865]
0.9883662416630792
[0.45405    0.23888865]
0.9884378692273423
0.9884930487454895
[0.43749609 0.22986088]
0.9884493136469887
[0.43749609 0.22986088]
0.9885827917551061
0.9886776246034582
[0.39256406 0.21805534]
0.9887057804673881
0.9888183247191679
[0.38586367 0.20381924]
0.9884620678028628
0.9886447709064112
[0.38586367 0.20381924]
0.9888905882675623
0.9884620678028628
[0.36507275 0.20147549]
0.9886486603743694
0.9887392262667278
[0.36507275 0.20147549]
0.9887445427543997
0.9888567527225236
[0.36507275 0.20147549]
0.9887223683248711
0.9888665462201831
[0.36507275 0.20147549]
0.9888491690917568
0.9888785023415586
[0.36507275 0.20147549]
0.9888720946882474
0.9888854811595695
[0.36507275 0.20147549]
0.9888805625865351
0.9888877374553882
[0.36507275 0.20147549]
0.9888845326769518
0.9888889625528253
[0.36507275 0.20147549]
0.988889196471817
[0.36507275 0.20147549]
0.9888871723495495
0.988890246202462
[0.36507275 0.20147549]
0.9888894849178028
0.988890371296679
[0.36507275 0.20147549]
0.9888896771427306
0.9888905648567122
[0.36507275 0.20147549]
0.9888904609064384
0.988890612497924
[0.36540128 0.20135672]
0.9888902660821084
0.9888906462287138
[0.36491115 0.20132563]
0.9888905292623521
0.9888906347593492
[0.36491115 0.20132563]
0.988890630702561
0.9888906465165643
[0.36481859 0.20137211]
0.9888906134481921
0.9888906484392749
[0.36498968 0.2013786 ]
0.98889063060695
0.9888906501274352
[0.36490764 0.20135049]
0.9888906501274352
Phase:  [ 0.09934499 -3.65195151 -3.65180963 -3.65195419]
Final Fidelity:  0.9888906501274352
Final Params:  [0.36490764 0.20135049]
