ddfac=0.25
Optimizing SP for b =  10.0
Optimizing Delta, T, and phases
0 1.0
0 1.0
1 0.9998130651779442
1 0.9998255948470166
2 0.9998130651779442
2 0.9998255948470166
3 0.999643449155517
3 0.9996673641192831
4 0.9998130651779442
4 0.9998255948470166
5 0.9996434491555172
5 0.9996673641192831
6 0.9996434491555172
6 0.9996673641192831
7 0.9994872340309071
7 0.9995216208239441
8 0.9998130651779442
8 0.9998255948470166
9 0.9996434491555172
9 0.9996673641192831
10 0.9996434491555167
10 0.9996673641192831
11 0.9994872340309071
11 0.9995216208239441
12 0.9996434491555172
12 0.9996673641192831
13 0.9994872340309071
13 0.9995216208239441
14 0.9994872340309071
14 0.9995216208239441
15 0.999344178869208
15 0.9993882882193085
16 0.999813065177944
16 0.9998255948470166
17 0.9996770113228511
17 0.9996985032474099
18 0.9996770113228516
18 0.9996985032474099
19 0.9995417016823406
19 0.9995721220894266
20 0.9996770113228514
20 0.9996985032474099
21 0.9995417016823404
21 0.9995721220894266
22 0.9995417016823406
22 0.9995721220894266
23 0.9994119330624578
23 0.999451098570768
24 0.9996770113228514
24 0.9996985032474099
25 0.9995417016823408
25 0.9995721220894266
26 0.9995417016823406
26 0.9995721220894266
27 0.9994119330624585
27 0.999451098570768
28 0.9995417016823408
28 0.9995721220894266
29 0.9994119330624587
29 0.999451098570768
30 0.9994119330624585
30 0.999451098570768
31 0.9992855848262396
31 0.9993332354093187
32 0.6514521174312828
32 0.9996241589870865
0.9890473583548016
Final Fidelity:  0.9890473583548016
Leakage=0.9996241049900467 
