ddfac=0.2
Optimizing SP for b =  10.0
Optimizing Delta, T, and phases
0 1.0
0 1.0
1 0.9998130651779442
1 0.9998255948470166
2 0.9998130651779442
2 0.9998255948470166
3 0.9996405926972283
3 0.9996647185305225
4 0.9998130651779442
4 0.9998255948470166
5 0.9996405926972285
5 0.9996647185305225
6 0.9996405926972285
6 0.9996647185305225
7 0.9994787059034524
7 0.9995136508311961
8 0.9998130651779442
8 0.9998255948470166
9 0.9996405926972285
9 0.9996647185305225
10 0.999640592697228
10 0.9996647185305225
11 0.9994787059034524
11 0.9995136508311961
12 0.9996405926972285
12 0.9996647185305225
13 0.9994787059034524
13 0.9995136508311961
14 0.9994787059034524
14 0.9995136508311961
15 0.9993290030059139
15 0.9993741077787084
16 0.999813065177944
16 0.9998255948470166
17 0.9996770113228511
17 0.9996985032474099
18 0.9996770113228516
18 0.9996985032474099
19 0.9995393365132598
19 0.9995699009037652
20 0.9996770113228514
20 0.9996985032474099
21 0.9995393365132595
21 0.9995699009037651
22 0.9995393365132598
22 0.9995699009037651
23 0.999405987701743
23 0.9994455660247002
24 0.9996770113228514
24 0.9996985032474099
25 0.99953933651326
25 0.9995699009037651
26 0.9995393365132598
26 0.9995699009037651
27 0.9994059877017437
27 0.9994455660247002
28 0.99953933651326
28 0.9995699009037652
29 0.9994059877017439
29 0.9994455660247002
30 0.9994059877017437
30 0.9994455660247002
31 0.999273311704305
31 0.9993217433734982
32 0.694826086977363
32 0.9996207593286269
0.9903581855318916
Final Fidelity:  0.9903581855318916
Leakage=0.9996207024768142 
