ddfac=0.3
Optimizing SP for b =  10.0
Optimizing Delta, T, and phases
0 1.0
0 1.0
1 0.9998130651779442
1 0.9998255948470166
2 0.9998130651779442
2 0.9998255948470166
3 0.9996461585980561
3 0.9996698703534141
4 0.9998130651779442
4 0.9998255948470166
5 0.9996461585980563
5 0.9996698703534141
6 0.9996461585980563
6 0.9996698703534141
7 0.9994955141635425
7 0.9995293752392073
8 0.9998130651779442
8 0.9998255948470166
9 0.9996461585980563
9 0.9996698703534141
10 0.9996461585980558
10 0.9996698703534141
11 0.9994955141635425
11 0.9995293752392073
12 0.9996461585980563
12 0.9996698703534141
13 0.9994955141635425
13 0.9995293752392073
14 0.9994955141635425
14 0.9995293752392073
15 0.9993567596664973
15 0.9993999492544193
16 0.999813065177944
16 0.9998255948470166
17 0.9996770113228511
17 0.9996985032474099
18 0.9996770113228516
18 0.9996985032474099
19 0.9995439768295449
19 0.9995742582763589
20 0.9996770113228514
20 0.9996985032474099
21 0.9995439768295447
21 0.9995742582763589
22 0.9995439768295449
22 0.9995742582763589
23 0.9994174254772017
23 0.9994562016197008
24 0.9996770113228514
24 0.9996985032474099
25 0.9995439768295451
25 0.9995742582763589
26 0.9995439768295449
26 0.9995742582763589
27 0.9994174254772024
27 0.9994562016197008
28 0.9995439768295451
28 0.9995742582763589
29 0.9994174254772026
29 0.9994562016197008
30 0.9994174254772024
30 0.9994562016197008
31 0.9992970274961654
31 0.9993439555562309
32 0.6069581385130813
32 0.9996273346085667
0.9877023596359227
Final Fidelity:  0.9877023596359227
Leakage=0.999627281995703 
