ddfac=0.0
Optimizing SP for b =  10.0
Optimizing Delta, T, and phases
0 1.0
0 1.0
1 0.9998130651779442
1 0.9998255948470166
2 0.9998130651779442
2 0.9998255948470166
3 0.9996264500712224
3 0.9996515048356913
4 0.9998130651779442
4 0.9998255948470166
5 0.9996264500712226
5 0.9996515048356913
6 0.9996264500712226
6 0.9996515048356913
7 0.9994398732357314
7 0.9994774485625643
8 0.9998130651779442
8 0.9998255948470166
9 0.9996264500712226
9 0.9996515048356913
10 0.9996264500712222
10 0.9996515048356913
11 0.9994398732357314
11 0.9994774485625643
12 0.9996264500712226
12 0.9996515048356913
13 0.9994398732357314
13 0.9994774485625643
14 0.9994398732357314
14 0.9994774485625643
15 0.9992532952757234
15 0.9993033866492723
16 0.999813065177944
16 0.9998255948470166
17 0.9996770113228511
17 0.9996985032474099
18 0.9996770113228516
18 0.9996985032474099
19 0.999528840226362
19 0.999560036404202
20 0.9996770113228514
20 0.9996985032474099
21 0.9995288402263618
21 0.999560036404202
22 0.999528840226362
22 0.999560036404202
23 0.9993758679265752
23 0.9994173843156435
24 0.9996770113228514
24 0.9996985032474099
25 0.9995288402263622
25 0.999560036404202
26 0.999528840226362
26 0.999560036404202
27 0.9993758679265758
27 0.9994173843156435
28 0.9995288402263622
28 0.999560036404202
29 0.9993758679265761
29 0.9994173843156435
30 0.9993758679265758
30 0.9994173843156435
31 0.9992118069293915
31 0.9992641423106494
32 0.8088665052696375
32 0.9996043871190341
0.9937969601542612
Final Fidelity:  0.9937969601542612
Leakage=0.9996043176441174 
