Optimizing ARP for b =  10.0
Optimizing Delta, T, and phases
0.996362469952969
0.9965699898537449
0.9961977427220287
0.9967078102779809
0.9969157454452616
[0.5423375 0.1999998]
0.9970533618319873
0.9972883222471705
[0.59909375 0.1888887 ]
0.9974869607172167
0.9977261199989921
[0.65269687 0.13888875]
0.9978441683526649
0.9979596687744354
[0.79301094 0.09166657]
0.9898377742371477
0.9976807896915506
[0.79301094 0.09166657]
0.9979106978363117
[0.79301094 0.09166657]
0.9711647234755144
0.9978960188811928
[0.79301094 0.09166657]
0.9971215024861187
0.9979373469829558
[0.79301094 0.09166657]
0.9979302373664402
0.9979516340870057
[0.79301094 0.09166657]
0.9979766964253043
0.9979911987074066
[0.83262823 0.09556197]
0.9980038630493546
0.9980104434337744
[0.90143348 0.07402879]
0.9980362398648163
0.9980519009751118
[1.01507069 0.07105299]
0.9978433976433615
0.9980213940790891
[1.01507069 0.07105299]
0.9980510827818919
[1.01507069 0.07105299]
0.9980698163859201
0.9980807372230034
[1.24534177 0.06009007]
0.9980474229855003
0.9980621649672253
[1.24534177 0.06009007]
0.9980829188672579
0.9980887933097867
[1.44233397 0.05801449]
0.9980928630704411
0.9980904084069022
[1.61803394 0.04478098]
0.9980971011180351
0.9981004616141393
[2.09986833 0.03401308]
0.9979703296298917
0.9980944953109524
[2.09986833 0.03401308]
0.9981002209448093
[2.09986833 0.03401308]
0.9980987830374196
0.9981020594309099
[2.34893768 0.02961032]
0.9980963158172608
0.9981007621401184
[2.34893768 0.02961032]
0.998102206611198
0.9981027835126239
[2.59132981 0.02870149]
0.9981027163230896
[2.59132981 0.02870149]
0.9981036615811268
0.9981035914764791
[3.00421965 0.02252821]
0.9981033119909777
[3.00421965 0.02252821]
0.9981041209143644
0.9981041846077479
[3.57425278 0.01807832]
0.9980996651801113
0.9981038630548289
[3.57425278 0.01807832]
0.9981045365621196
0.9981047694733998
[3.94515849 0.01813301]
0.9981038935144347
0.9981045196662868
[3.94515849 0.01813301]
0.9981050139956346
0.9981051685237117
[4.93246054 0.01374466]
0.9981051086908123
[4.93246054 0.01374466]
0.9981053462138296
0.9981054318160552
[6.661574   0.00946569]
0.9981028334436132
0.9981052590830003
[6.661574   0.00946569]
0.9981054717455025
0.99810552215523
[8.05180296e+00 7.97045959e-03]
0.9976019205817647
0.9981054132623213
[8.05180296e+00 7.97045959e-03]
0.998105517815266
[8.05180296e+00 7.97045959e-03]
0.998103099113526
0.9981054857982368
[8.05180296e+00 7.97045959e-03]
0.998105547433579
0.9981030998282177
[9.00324900e+00 5.73752292e-03]
0.9981055433649513
[9.00324900e+00 5.73752292e-03]
0.9981055616087158
0.9981034193782689
[9.61291963e+00 5.48501683e-03]
0.9979857064269398
0.9981055476171852
[9.61291963e+00 5.48501683e-03]
0.9981055647308154
0.9981055714618281
[9.89004987e+00 6.74939695e-03]
0.9981055782168262
0.9981055871424661
[1.12848963e+01 5.02239729e-03]
0.9981055936995856
0.998105604097831
[1.25365801e+01 6.68765769e-03]
0.9981056086755993
0.9981056155230394
[1.59521149e+01 4.06628857e-03]
0.9981056231447308
0.9981056264992093
[2.01632497e+01 6.08612482e-03]
0.9981056320645545
0.9981056249265584
[2.35787845e+01 3.46475569e-03]
0.9981056334119851
0.9981056341759299
[3.37088216e+01 6.19374363e-03]
0.9981056368566044
0.9981056374783008
[4.56049098e+01 2.31549935e-03]
0.9981056381897963
0.9981056373664234
[5.57349468e+01 5.04448728e-03]
0.998105637577826
[5.57349468e+01 5.04448728e-03]
0.9981056386702165
0.9981056387517944
[9.38391533e+01 4.68509673e-03]
0.9981056376779044
0.998105638269351
[9.38391533e+01 4.68509673e-03]
0.9981056380948111
0.9981056377559654
0.9981056380846148
0.9981056382514158
[9.38391533e+01 4.68509673e-03]
0.9981056389085501
0.9981056381113687
[8.25240979e+01 3.85030712e-03]
0.9981056385812032
0.9981056388348276
[8.25240979e+01 3.85030712e-03]
0.9981056384230297
0.9981056383879237
0.9981056380246149
0.9981056389779384
[8.81816256e+01 4.26770192e-03]
0.9981056381637186
0.9981056386707896
[8.81816256e+01 4.26770192e-03]
0.9981056386265866
0.9981056388548727
[8.81816256e+01 4.26770192e-03]
0.9981056386663042
0.9981056387721419
0.9981056379388162
0.9981056388269615
[8.81816256e+01 4.26770192e-03]
0.9981056384596221
0.9981056377343575
0.9981056366075495
0.9981056384595153
[8.81816256e+01 4.26770192e-03]
0.9981056381831312
0.9981056380333287
0.998105638595062
0.9981056387060192
[8.81816256e+01 4.26770192e-03]
0.9981056382253372
0.9981056386140184
[8.81816256e+01 4.26770192e-03]
0.9981056386217819
0.9981056387545933
[8.81816256e+01 4.26770192e-03]
0.9981056382852318
0.9981056390232714
[8.79251046e+01 4.25690436e-03]
0.9981056382655082
0.998105638412297
0.998105638314851
0.998105638592875
[8.79251046e+01 4.25690436e-03]
0.9981056387497974
[8.79251046e+01 4.25690436e-03]
0.9981056386377285
0.998105639117084
[8.7847274e+01 4.2541618e-03]
0.9981056385976155
0.9981056387431865
0.9981056382631253
0.9981056374403969
[8.7847274e+01 4.2541618e-03]
0.9981056383604574
[8.7847274e+01 4.2541618e-03]
0.998105639316502
0.9981056376613303
[8.78357594e+01 4.25287687e-03]
0.9981056387659711
0.9981056382738748
0.9981056376585948
0.9981056378845853
[8.78357594e+01 4.25287687e-03]
0.9981056388193946
[8.78357594e+01 4.25287687e-03]
0.9981056386047243
0.9981056390376808
[8.78357594e+01 4.25287687e-03]
0.9981056383182807
0.9981056371312921
0.9981056384716719
0.9981056384473316
[8.78357594e+01 4.25287687e-03]
0.9981056387703694
[8.78357594e+01 4.25287687e-03]
0.9981056385430532
0.9981056388581024
[8.78357594e+01 4.25287687e-03]
0.998105638023656
0.998105638219281
0.9981056377316668
0.9981056374738624
[8.78357594e+01 4.25287687e-03]
0.9981056384332457
[8.78357594e+01 4.25287687e-03]
0.9981056387287564
[8.78357594e+01 4.25287687e-03]
0.9981056383287028
0.9981056381413441
0.9981056386319772
0.9981056384408395
[8.78357594e+01 4.25287687e-03]
0.9981056386472842
[8.78357594e+01 4.25287687e-03]
0.9981056374640329
0.998105637948787
