Optimizing ARP for b =  10.0
Optimizing Delta, T, and phases
0.9978700814792307
0.9979451157730759
0.9977698352752358
0.998012948228701
0.9980860966501034
[0.5423375 0.1999998]
0.9981087383582297
0.9981459071851344
[0.59909375 0.1888887 ]
0.9981667752830753
0.9981468886511078
[0.61170625 0.1666665 ]
0.9981461930159864
[0.61170625 0.1666665 ]
0.9981325278842592
0.998159745977253
[0.61170625 0.1666665 ]
0.9981436932220341
0.9981570490956113
[0.61170625 0.1666665 ]
0.9981610527308002
[0.61170625 0.1666665 ]
0.9981715400548615
0.9981755036913788
[0.5622416  0.16770817]
0.9981778639885232
0.9981753683432594
[0.58470762 0.15590262]
0.9981811744619115
0.9981613365233694
[0.53524297 0.15694429]
0.9981788692280014
[0.53524297 0.15694429]
0.9981566852241034
0.9981825663516045
[0.5655918  0.15347207]
0.9981763736893574
0.998183700302639
[0.55406318 0.15017346]
0.9981765573693185
0.9981838370748157
[0.54753523 0.15438353]
0.9981831084328576
0.9981840930240587
[0.54340291 0.15168171]
0.9981821953443798
0.9981842078979097
[0.54976613 0.15160304]
0.9981829163119059
0.9981841868638677
[0.54976613 0.15160304]
0.9981840408355309
0.9981842244005539
[0.54590796 0.15199485]
0.9981839942022341
0.9981842497760995
[0.54744846 0.15240595]
0.9981841037904021
0.9981842490996432
[0.54744846 0.15240595]
0.9981842376167367
0.9981842525269065
[0.54879899 0.15223332]
0.9981842263987197
0.9981842555434051
[0.54817295 0.15211068]
0.9981842381021013
0.998184253533569
[0.54817295 0.15211068]
0.9981842540645295
[0.54817295 0.15211068]
0.9981842515928523
0.9981842556857349
[0.54786213 0.15221374]
0.9981842538585629
0.9981842558382803
[0.54767935 0.15216427]
0.9981842534866878
0.9981842541702388
0.9981842555534137
0.9981842563968526
[0.54792615 0.15213747]
0.9981842557685254
0.9981842544498996
0.9981842543304098
0.9981842559739637
[0.54792615 0.15213747]
0.998184253699935
0.9981842541260374
0.9981842567196119
0.9981842551325708
[0.5478873  0.15215035]
0.9981842567196119
Phase:  [-0.68946296 -0.68943481 -0.68976727 -0.68948873 -0.68945851]
Final Fidelity:  0.9981842567196119
Final Params:  [0.5478873  0.15215035]
