ddfac=0.15
Optimizing SP for b =  10.0
Optimizing Delta, T, and phases
0 1.0
0 1.0
1 0.9998130651779442
1 0.9998255948470166
2 0.9998130651779442
2 0.9998255948470166
3 0.9996375279672426
3 0.9996618727518027
4 0.9998130651779442
4 0.9998255948470166
5 0.9996375279672428
5 0.9996618727518027
6 0.9996375279672428
6 0.9996618727518027
7 0.9994701773267904
7 0.9995057160486074
8 0.9998130651779442
8 0.9998255948470166
9 0.9996375279672428
9 0.9996618727518027
10 0.9996375279672424
10 0.9996618727518027
11 0.9994701773267904
11 0.9995057160486074
12 0.9996375279672428
12 0.9996618727518028
13 0.9994701773267904
13 0.9995057160486074
14 0.9994701773267904
14 0.9995057160486074
15 0.9993116827260642
15 0.9993578691520874
16 0.999813065177944
16 0.9998255948470166
17 0.9996770113228511
17 0.9996985032474099
18 0.9996770113228516
18 0.9996985032474099
19 0.9995368760068928
19 0.9995675896702765
20 0.9996770113228514
20 0.9996985032474099
21 0.9995368760068926
21 0.9995675896702765
22 0.9995368760068928
22 0.9995675896702765
23 0.9993995063522054
23 0.9994395232874118
24 0.9996770113228514
24 0.9996985032474099
25 0.999536876006893
25 0.9995675896702765
26 0.9995368760068928
26 0.9995675896702765
27 0.9993995063522061
27 0.9994395232874118
28 0.999536876006893
28 0.9995675896702765
29 0.9993995063522063
29 0.9994395232874118
30 0.9993995063522061
30 0.9994395232874118
31 0.9992601355125317
31 0.9993094150740373
32 0.7350852147865342
32 0.9996171556700008
0.9915744109929413
Final Fidelity:  0.9915744109929413
Leakage=0.9996170957271935 
