ddfac=0.05
Optimizing SP for b =  10.0
Optimizing Delta, T, and phases
0 1.0
0 1.0
1 0.9998130651779442
1 0.9998255948470166
2 0.9998130651779442
2 0.9998255948470166
3 0.9996305010045641
3 0.9996553097633307
4 0.9998130651779442
4 0.9998255948470166
5 0.9996305010045643
5 0.9996553097633307
6 0.9996305010045643
6 0.9996553097633307
7 0.9994515662008455
7 0.9994884153523436
8 0.9998130651779442
8 0.9998255948470166
9 0.9996305010045643
9 0.9996553097633307
10 0.9996305010045639
10 0.9996553097633307
11 0.9994515662008455
11 0.9994884153523436
12 0.9996305010045643
12 0.9996553097633307
13 0.9994515662008455
13 0.9994884153523437
14 0.9994515662008455
14 0.9994884153523437
15 0.9992757788605204
15 0.9993244407164547
16 0.999813065177944
16 0.9998255948470166
17 0.9996770113228511
17 0.9996985032474099
18 0.9996770113228516
18 0.9996985032474099
19 0.999531637331518
19 0.9995626665713114
20 0.9996770113228514
20 0.9996985032474099
21 0.9995316373315177
21 0.9995626665713114
22 0.999531637331518
22 0.9995626665713114
23 0.9993845298307226
23 0.9994255124982673
24 0.9996770113228514
24 0.9996985032474099
25 0.9995316373315182
25 0.9995626665713114
26 0.999531637331518
26 0.9995626665713114
27 0.9993845298307232
27 0.9994255124982673
28 0.9995316373315182
28 0.9995626665713115
29 0.9993845298307235
29 0.9994255124982673
30 0.9993845298307232
30 0.9994255124982673
31 0.9992298337107306
31 0.9992810515623682
32 0.7954585582495874
32 0.9996091628423905
0.9933955986710524
Final Fidelity:  0.9933955986710524
Leakage=0.9996090973259463 
