ddfac=0.1
Optimizing SP for b =  10.0
Optimizing Delta, T, and phases
0 1.0
0 1.0
1 0.9998130651779442
1 0.9998255948470166
2 0.9998130651779442
2 0.9998255948470166
3 0.9996341950562977
3 0.99965876732058
4 0.9998130651779442
4 0.9998255948470166
5 0.9996341950562979
5 0.99965876732058
6 0.9996341950562979
6 0.99965876732058
7 0.9994614030056642
7 0.9994975749841517
8 0.9998130651779442
8 0.9998255948470166
9 0.9996341950562979
9 0.99965876732058
10 0.9996341950562975
10 0.99965876732058
11 0.9994614030056642
11 0.9994975749841517
12 0.9996341950562979
12 0.99965876732058
13 0.9994614030056642
13 0.9994975749841517
14 0.9994614030056642
14 0.9994975749841517
15 0.9992940368328311
15 0.9993414036949626
16 0.999813065177944
16 0.9998255948470166
17 0.9996770113228511
17 0.9996985032474099
18 0.9996770113228516
18 0.9996985032474099
19 0.9995343126897421
19 0.9995651812008589
20 0.9996770113228514
20 0.9996985032474099
21 0.9995343126897419
21 0.999565181200859
22 0.9995343126897421
22 0.999565181200859
23 0.999392388841258
23 0.9994328728673572
24 0.9996770113228514
24 0.9996985032474099
25 0.9995343126897424
25 0.999565181200859
26 0.9995343126897421
26 0.999565181200859
27 0.9993923888412587
27 0.9994328728673572
28 0.9995343126897424
28 0.999565181200859
29 0.9993923888412589
29 0.9994328728673572
30 0.9993923888412587
30 0.9994328728673572
31 0.9992458084585546
31 0.9992960126894793
32 0.7696706225250859
32 0.999613340408361
0.9926184864503494
Final Fidelity:  0.9926184864503494
Leakage=0.999613279592491 
