Optimizing ARP for b =  200.0
Optimizing Delta, T, and phases
0.9871001694827729
0.9871302816203664
0.9871606299624077
0.9872012274450377
0.9871571942185798
[24.15   0.567]
0.9872094907184061
0.9872813469552976
[22.425  0.621]
0.9871994984381838
0.987186883152089
0.9872065758274378
0.9872085435560908
[22.425  0.621]
0.9873185699794756
0.987423570339879
[21.13125  0.6345 ]
0.9875322834813187
0.9876149155197738
[19.909375  0.69525 ]
0.9875418653506288
[19.909375  0.69525 ]
0.9878348387471049
0.9879112154293513
[15.525  0.837]
0.9881560684379435
0.9882222557279625
[15.9203125  0.880875 ]
0.9819191652896241
0.9879613283433621
[15.9203125  0.880875 ]
0.9881478421322893
[15.9203125  0.880875 ]
0.9885601102431539
0.9887495411059294
[15.56542969  0.99857813]
0.9888308897729419
0.9881341819264721
[13.27441406  1.05848438]
0.9894411993514969
0.9895928188919625
[11.41914063  1.32384375]
0.9831702274899354
0.9891532593036547
[11.41914063  1.32384375]
0.9899958719919678
0.9903611918721478
[11.51403809  1.51110352]
0.9901505375843144
[11.51403809  1.51110352]
0.9911702407685543
0.9913689098725913
[7.89838867 2.22908203]
0.9911349511162059
[7.89838867 2.22908203]
0.9911257998889932
0.9914479143754482
[7.99328613 2.4163418 ]
0.9783280606656575
0.9911868315199573
[7.99328613 2.4163418 ]
0.990414199500462
0.9913580951708538
[7.99328613 2.4163418 ]
0.9913044747100752
0.9914919081284655
[8.25702667 2.2823866 ]
0.9910743572834928
0.9915200022768742
[8.01177254 2.28922311]
0.9912524130127668
0.9913167199291075
0.991511127786542
0.9913287738589538
[8.01177254 2.28922311]
0.9913592558463888
0.9913935585080833
[8.01177254 2.28922311]
0.9914272832039104
0.991494895952146
[8.01177254 2.28922311]
0.9914710971490388
0.9915143609776934
[8.01177254 2.28922311]
0.9915241724017346
0.9915216586676461
[7.94163941 2.2990908 ]
0.9915152741474023
0.9915224836793368
[7.94163941 2.2990908 ]
0.9915241406513823
[7.94163941 2.2990908 ]
0.9915109712981083
0.9915254739878461
[7.91757086 2.297289  ]
0.9915231966437016
0.9915251213539558
[7.91757086 2.297289  ]
0.9915249667018864
0.9915256110023726
[7.88950759 2.29896763]
0.991523923313557
0.9915256525577226
[7.89986905 2.29942834]
0.991525450273953
0.9915256730790634
[7.90612959 2.29824349]
0.9915255560507654
0.9915256165325262
[7.90612959 2.29824349]
0.9915255987328655
0.9915256175081975
[7.90612959 2.29824349]
0.9915256230457411
0.9915256244796273
[7.90612959 2.29824349]
0.99152551988093
0.9915256533182225
[7.90612959 2.29824349]
0.9915255429635941
0.9915256744008113
[7.90242756 2.29898197]
0.9915257074803273
0.9915255544771672
[7.9047146  2.29839777]
0.9915256718615829
0.9915255643873109
0.9915256965265378
0.9915255804012064
[7.9047146  2.29839777]
0.9915256332879815
0.9915256142836211
0.9915256498826409
0.9915256603860921
[7.9047146  2.29839777]
0.9915256603378483
0.991525674961928
[7.9047146  2.29839777]
0.991525534699682
0.9915255731546748
0.9915256839340884
0.9915255608317932
[7.9047146  2.29839777]
0.9915256327492429
0.9915256779388502
[7.9047146  2.29839777]
0.9915255489837439
0.991525626474852
0.9915256623470018
0.9915257338804463
[7.90477373 2.29838348]
0.9915257338804463
Phase:  [ 2.76840712 -0.28064042 -0.28020264 -0.28047767]
Final Fidelity:  0.9915257338804463
Final Params:  [7.90477373 2.29838348]
