Optimizing ARP for b =  90.0
Optimizing Delta, T, and phases
0.9930422334780413
0.9936035685700277
0.992392321541459
0.9941488771366788
0.9948527889944273
[0.5423375 0.1999998]
0.9952057157975657
0.9959221192940392
[0.59909375 0.1888887 ]
0.9965904681016359
0.9972670651978215
[0.65269687 0.13888875]
0.9975290950059685
0.997840032675952
[0.79301094 0.09166657]
0.9874344142623387
0.9971014411344291
[0.79301094 0.09166657]
0.9978468574895057
0.9874344142623387
[0.78473398 0.07847214]
0.9775551152713792
0.9976750377580428
[0.78473398 0.07847214]
0.9971950008153783
0.9977901470915892
[0.78473398 0.07847214]
0.9978396154925849
0.9978723681864619
[0.80589441 0.07834194]
0.9969718349864519
0.9978325763834315
0.9978601708891253
0.9978404546862722
[0.80589441 0.07834194]
0.9977751573671958
0.997846848798996
[0.80589441 0.07834194]
0.9978697317688088
[0.80589441 0.07834194]
0.9978849456791435
0.9978783131313977
[0.81176033 0.0749945 ]
0.9978836001359963
[0.81176033 0.0749945 ]
0.9978981680814925
0.9978951960544303
[0.82234054 0.0749294 ]
0.9978254724830387
0.9978917568850427
[0.82234054 0.0749294 ]
0.9979021611997185
0.9979055560070755
[0.83513395 0.07733418]
0.9979166411161516
0.997927455433182
[0.85268668 0.07515658]
0.9979276857730505
0.9979375383122445
[0.88704985 0.07887735]
0.9979548377132257
0.9979727517722504
[0.9393369  0.07638254]
0.9979799861682613
0.9979965077806092
[1.03420677 0.08257667]
0.99801439621022
0.9980333349934497
[1.18621579 0.08068411]
0.9980403549944431
0.9980563253754065
[1.45196004 0.0921261 ]
0.9980702203005533
0.9980825097381627
[1.88885022 0.09406198]
0.998087156657586
0.9980932200078523
[2.63878382 0.11791389]
0.9980968307546466
0.9980996743216966
[3.88753097 0.1337116 ]
0.9981007232553486
0.9981021222596703
[6.01177174 0.18931428]
0.998103020859283
0.9981038053030633
[9.57138643 0.24871105]
0.9981041330811595
0.998104555011367
[15.5996753   0.38961478]
0.9981017340232492
0.9981036533880036
[15.5996753   0.38961478]
0.9981046066409988
0.9981017345490047
[15.87241043  0.38408723]
0.9978720925220768
0.9981042952794892
[15.87241043  0.38408723]
0.9980990655082275
0.9981044548546705
[15.87241043  0.38408723]
0.9981045115039247
0.9981046254726834
[16.50662492  0.4041185 ]
0.9981046799528857
0.9981047316757727
[17.36920242  0.40307904]
0.9981045564561284
0.9981046490641231
[17.36920242  0.40307904]
0.9981047484217538
0.9981047945504056
[17.64829686  0.38714606]
0.9981048567776769
0.9981049389638863
[19.71592482  0.39765166]
0.9981049919194704
0.9981050847091854
[21.30792768  0.3710385 ]
0.998105165764297
0.9981052649639076
[26.23918504  0.3787431 ]
0.9981053294021018
0.9981054193057677
[31.88881944  0.32936909]
0.9981054702982586
0.9981055300573684
[44.57615135  0.3200913 ]
0.998105567235017
0.9981056013969757
[62.21908611  0.21670439]
0.9981056143937772
0.9981056289461666
[96.4152173   0.14645534]
0.9981056372396347
0.9981056391445174
[ 1.48799152e+02 -9.54430148e-02]
0.9981056390863755
[ 1.48799152e+02 -9.54430148e-02]
0.9981056391136095
[ 1.48799152e+02 -9.54430148e-02]
0.9981056394669435
0.9981056387291146
[201.18308755  -0.33734137]
0.9851551939355474
0.9715905519115512
0.971590556852421
0.9981056398444762
[218.28115315  -0.37246589]
0.9981056396727348
[218.28115315  -0.37246589]
0.9981056392404704
0.9981056397498156
[218.28115315  -0.37246589]
0.998105639749453
0.9981056394461993
0.9981056386363396
0.9981056392683146
[218.28115315  -0.37246589]
0.9981056393580585
[218.28115315  -0.37246589]
0.9981056395757495
[218.28115315  -0.37246589]
0.9715905519115512
0.9981056390842666
0.9981056394777428
0.9981056394739822
[218.28115315  -0.37246589]
