ddfac=0.0
Optimizing SP for b =  10.0
Optimizing Delta, T, and phases
0 1.0
0 1.0
1 0.9998130484657792
1 0.9998255793266615
2 0.9998130484657792
2 0.9998255793266615
3 0.999626416644621
3 0.9996514737918816
4 0.9998130484657792
4 0.9998255793266615
5 0.999626416644621
5 0.9996514737918816
6 0.999626416644621
6 0.9996514737918816
7 0.9994398230927863
7 0.99947740199256
8 0.9998130484657792
8 0.9998255793266615
9 0.999626416644621
9 0.9996514737918816
10 0.999626416644621
10 0.9996514737918816
11 0.9994398230927863
11 0.99947740199256
12 0.999626416644621
12 0.9996514737918816
13 0.9994398230927863
13 0.99947740199256
14 0.9994398230927863
14 0.99947740199256
15 0.9992532280888697
15 0.9993033242247525
16 0.9998130484657792
16 0.9998255793266615
17 0.9996769790569716
17 0.9996984730237078
18 0.9996769790569716
18 0.9996984730237078
19 0.9995287990368819
19 0.9995599981756873
20 0.9996769790569716
20 0.9996984730237078
21 0.9995287990368819
21 0.9995599981756873
22 0.9995287990368819
22 0.9995599981756873
23 0.9993758059804494
23 0.9994173263093851
24 0.9996769790569716
24 0.9996984730237078
25 0.9995287990368819
25 0.9995599981756873
26 0.9995287990368819
26 0.9995599981756873
27 0.9993758059804494
27 0.9994173263093851
28 0.9995287990368819
28 0.9995599981756874
29 0.9993758059804494
29 0.9994173263093851
30 0.9993758059804494
30 0.9994173263093851
31 0.9992117382516676
31 0.9992640785959681
32 0.14297487054027183
32 0.9996043509108082
0.973618388055138
Final Fidelity:  0.973618388055138
Leakage=0.9996042814385717 
