Optimizing ARP for b =  150.0
Optimizing Delta, T, and phases
0.9923425535064596
0.992960898652504
0.9916049632647478
0.9935878742281957
0.994392826974786
[0.5423375 0.1999998]
0.9947887072759626
0.9956124791963593
[0.59909375 0.1888887 ]
0.9963933850867877
0.9971772214705765
[0.65269687 0.13888875]
0.9974727366802374
0.9978225241473897
[0.79301094 0.09166657]
0.9870502758718165
0.9969818990063202
[0.79301094 0.09166657]
0.9978293298391762
0.9870502758718165
[0.78473398 0.07847214]
0.9785422231193992
0.9976400027458474
[0.78473398 0.07847214]
0.9971474546502137
0.997767854299156
[0.78473398 0.07847214]
0.9978319034991949
0.9971474552779163
[0.82291636 0.07161451]
0.9967578090276576
0.9978268631753866
[0.82291636 0.07161451]
0.9973497109465088
0.9978461163098508
[0.80112161 0.07919914]
0.9978843953417761
0.9978649327999949
[0.83930399 0.07234151]
0.9978613640263255
[0.83930399 0.07234151]
0.9979137075919412
0.9979143523161973
[0.88297661 0.07000319]
0.9976490614181356
0.9979005689194206
[0.88297661 0.07000319]
0.9979383860675888
0.9979519019956866
[0.90484411 0.07364562]
0.9979658251487633
0.9979736013239364
[1.00308154 0.06437473]
0.9980086041478982
0.9980285806719785
[1.09593524 0.06702416]
0.9980405543480354
0.9980655160492251
[1.33883696 0.0498071 ]
0.9980771368670075
0.9980898737913294
[1.64599522 0.04649743]
0.9980771332676566
[1.64599522 0.04649743]
0.9980923532937749
0.9979807360486759
[2.19605519 0.02597069]
0.9980968179571028
0.9980956377725816
[1.95315347 0.04318776]
0.9980935622956483
[1.95315347 0.04318776]
0.9981000164249793
0.9980991692672927
[2.26031173 0.03987808]
0.9980867594054578
0.9981009346164352
[2.30497303 0.03209697]
0.998102560172646
0.9981031262858902
[2.94162019 0.02158707]
0.9980411334737724
0.9981016652089477
[2.94162019 0.02158707]
0.9981039023133909
0.9981038360888825
[3.07845134 0.02285015]
0.9980878990848081
0.998102956064362
[3.07845134 0.02285015]
0.9980958068319749
0.9981034463754576
[3.07845134 0.02285015]
0.9981036157619035
[3.07845134 0.02285015]
0.9981040211297071
0.9981042189470747
[3.38893479 0.02366787]
0.9981044075848754
0.9981041972293901
[3.46257711 0.02025097]
0.9981046142669345
0.9981048150456541
[4.12036518 0.02017795]
0.9981049205911854
0.998104680103978
[4.19400751 0.01676105]
0.9981051381244149
0.9981052930654375
[5.5464048  0.01490656]
0.9981052804549007
[5.5464048  0.01490656]
0.9981054699287801
0.9981055376328718
[8.36166288e+00 6.07222506e-03]
0.998105532064056
[8.36166288e+00 6.07222506e-03]
0.9945641205512475
0.9981054630322154
[8.36166288e+00 6.07222506e-03]
0.9980956406422179
0.9981055104101951
[8.36166288e+00 6.07222506e-03]
0.9981055536296928
0.9980956406422179
[9.01945094e+00 5.99920589e-03]
0.9950188429022969
0.99810554412883
[9.01945094e+00 5.99920589e-03]
0.9981055623807779
0.9981055659255886
[9.53978375e+00 8.49799052e-03]
0.9981055804487547
0.9981055902618943
[1.08602746e+01 6.22095219e-03]
0.9981055898265777
[1.08602746e+01 6.22095219e-03]
0.9981056066755398
0.9981056148233799
[1.42817555e+01 5.41505247e-03]
0.9980970935891597
0.9981055996023179
[1.42817555e+01 5.41505247e-03]
0.9981056178313289
0.998105623222211
[1.76658008e+01 6.58397870e-03]
0.998105629193978
0.9981056336152625
[2.39697120e+01 3.46080761e-03]
0.9981056338326518
0.9981056363952846
[3.38897584e+01 4.23707451e-03]
0.9981054831715008
0.9981056320055758
[3.38897584e+01 4.23707451e-03]
0.9981056368719526
0.9981054819792835
[3.45617024e+01 2.48142224e-03]
0.9981056375762846
0.9981056383782274
[5.47377671e+01 3.15612992e-03]
0.9981056385719964
0.9981056395924205
[ 6.61696875e+01 -1.78207925e-05]
0.9981056363395098
0.9981056378488175
[ 6.61696875e+01 -1.78207925e-05]
0.9981056386314708
[ 6.61696875e+01 -1.78207925e-05]
0.99810563977476
0.9981056397042956
[ 8.48316602e+01 -2.06092999e-03]
0.9981056390314638
0.998105639407384
[ 8.48316602e+01 -2.06092999e-03]
0.998105639980996
0.9981056386314708
[7.44502068e+01 3.68226670e-05]
0.9981056388116601
0.9981056394039446
0.9981056381233244
0.9981056397177687
[7.44502068e+01 3.68226670e-05]
0.9981056378370579
0.998105639473387
[7.44502068e+01 3.68226670e-05]
0.9981044052400447
0.9981056397254641
[7.44502068e+01 3.68226670e-05]
0.9981056397741105
[7.44502068e+01 3.68226670e-05]
0.9980658252987615
0.9981056389314831
0.9981056399481691
0.9981056396847732
[7.44502068e+01 3.68226670e-05]
0.9981056391797345
0.9981056396081918
0.9981056393420223
0.9981056395326651
[7.44502068e+01 3.68226670e-05]
0.9981056396741581
[7.44502068e+01 3.68226670e-05]
0.9980254755007089
0.9981056398591814
[7.44502068e+01 3.68226670e-05]
0.998105639478439
0.9981056395795702
0.9981056390369827
0.9981056399834664
[7.39326743e+01 3.34074508e-05]
0.9981056393058604
0.998105639715831
[7.39326743e+01 3.34074508e-05]
0.9981056395121605
0.9981056399963274
[7.41630779e+01 3.91588693e-05]
0.9981056391676334
0.9981056394831477
0.9981056395289435
0.9981056398416936
[7.41630779e+01 3.91588693e-05]
0.9981056399449841
[7.41630779e+01 3.91588693e-05]
0.9981056393175283
0.998105639742192
0.9981056392354996
0.9981056397133192
[7.41630779e+01 3.91588693e-05]
0.9981056396270117
0.9981056395527245
0.9981056396257028
0.998105639458099
[7.41630779e+01 3.91588693e-05]
0.9981056397779151
[7.41630779e+01 3.91588693e-05]
0.9981056393926482
0.9981056397775913
[7.41630779e+01 3.91588693e-05]
0.9981056387044647
0.99810563878152
0.9981056396154199
0.9981056391769717
[7.41630779e+01 3.91588693e-05]
0.9981056396528983
[7.41630779e+01 3.91588693e-05]
0.9981056398056987
[7.41630779e+01 3.91588693e-05]
0.9981056393964147
0.998105639623465
0.9981056395882562
0.998105639218
[7.41630779e+01 3.91588693e-05]
0.9981056398071304
[7.41630779e+01 3.91588693e-05]
0.9981056398999637
[7.41630779e+01 3.91588693e-05]
0.9981056396622496
0.9981056392659515
0.9981056388137767
0.9981056401858683
[7.41666779e+01 3.92487352e-05]
0.9981056397775893
0.9981056392994847
0.9981056386839382
0.9981056396022373
[7.41666779e+01 3.92487352e-05]
0.9981056392659515
0.9981056391902124
0.9981056392993174
0.9981056394935649
[7.41666779e+01 3.92487352e-05]
0.9981056396807344
[7.41666779e+01 3.92487352e-05]
0.9981056398701695
[7.41666779e+01 3.92487352e-05]
0.9981056389019668
0.9981056398137533
[7.41666779e+01 3.92487352e-05]
0.998105639873309
[7.41666779e+01 3.92487352e-05]
0.9981056397287532
0.998105638791673
0.9981056398676682
0.9981056387860044
[7.41666779e+01 3.92487352e-05]
0.9981056389361898
0.9981056393228652
[7.41666779e+01 3.92487352e-05]
0.998105638323585
0.9981056397184803
[7.41666779e+01 3.92487352e-05]
0.9981056394741905
0.9981056390505475
0.9981056398108409
0.9981056390509401
[7.41666779e+01 3.92487352e-05]
0.9981056401858683
Phase:  [ 7.23820006e-05  3.14141147e+00  3.14154140e+00  3.14154697e+00
 -3.14160736e+00]
Final Fidelity:  0.9981056401858683
Final Params:  [7.41666779e+01 3.92487352e-05]
