Optimizing ARP for b =  30.0
Optimizing Delta, T, and phases
0.9950215772416389
0.9953808308590908
0.9946465220920468
0.9956873826160091
0.9960951970024772
[0.5423375 0.1999998]
0.9963157315300827
0.9967349178488053
[0.59909375 0.1888887 ]
0.9971125755279278
0.9975188500736474
[0.65269687 0.13888875]
0.9976955819556644
0.9978979757621775
[0.79301094 0.09166657]
0.9890949524850712
0.9974260169994412
[0.79301094 0.09166657]
0.9979146739237067
0.9890949524850712
[0.78473398 0.07847214]
0.9739222306779477
0.9977866143361939
[0.78473398 0.07847214]
0.9973394391089873
0.9978676825074205
[0.78473398 0.07847214]
0.99784022609981
0.9978694822586517
[0.78473398 0.07847214]
0.9979346569198752
0.9978402264573609
[0.80589441 0.07834194]
0.9970557221823881
0.9978843924895339
0.9979251701926184
0.9978916125772536
[0.80589441 0.07834194]
0.9977647110455922
0.997907038145917
[0.80589441 0.07834194]
0.9979082377857582
0.9979295628923726
[0.80589441 0.07834194]
0.9979404990208133
0.9979439656500046
[0.81955154 0.07577439]
0.9979520199549168
0.9979592747017519
[0.8363845 0.0777404]
0.9979687303414181
0.9979771209916941
[0.87211523 0.07358832]
0.997992797604969
0.9980072457256653
[0.92364652 0.07544429]
0.9980189121591638
0.9980334576898732
[1.02087363 0.06806812]
0.9980490830881927
0.9980637167051343
[1.17254976 0.06809198]
0.9980745612753553
0.9980865177470095
[1.44284205 0.05335156]
0.9980912469714688
0.9980971359202964
[1.88134046 0.04602908]
0.9981006552929361
0.9978013542205116
[2.15163275 0.03128866]
0.9981013449276397
0.9944497284894733
[2.59013117 0.02396617]
0.9879479813317559
0.9981001307265148
[2.59013117 0.02396617]
0.998035169060838
0.998101174198662
[2.59013117 0.02396617]
0.9981030527933812
0.9981031191501534
[2.95467612 0.02171369]
0.9980886614213644
0.9981026179333637
[2.95467612 0.02171369]
0.9981035491776258
0.9981037102921612
[3.01742702 0.02593901]
0.99810437683032
0.9981045546289551
[3.93725448 0.01641129]
0.9981047451826532
0.9981049561057803
[4.52267001 0.02009808]
0.998105063071368
0.9871589625313345
[5.44249746 0.01057036]
0.9981053553915179
0.9981054501570534
[7.07324225 0.01318006]
0.9970452882265273
0.9981052476908321
[7.07324225 0.01318006]
0.998105378551737
[7.07324225 0.01318006]
0.9981054945073256
0.9981055384354264
[10.36084559  0.01569134]
0.9981055710701441
0.998105599804646
[1.21091023e+01 6.11439913e-03]
0.998105613455139
0.9981056263304648
[1.95584374e+01 6.34847480e-03]
0.9981056391286548
0.998105638191209
[ 2.13066941e+01 -3.22846255e-03]
0.9981056394680439
0.998105639026865
[ 2.87560291e+01 -2.99438688e-03]
0.998105639805975
0.998105639528502
[ 3.05042859e+01 -1.25713242e-02]
0.9981056393462135
0.9981056397185148
[ 3.05042859e+01 -1.25713242e-02]
0.9981056390352637
0.998105639547438
[ 3.05042859e+01 -1.25713242e-02]
0.998105639129313
0.998105639427051
0.9981056387435703
0.9981056397025002
[ 3.05042859e+01 -1.25713242e-02]
0.9981056392756326
0.9981056392911782
[ 3.05042859e+01 -1.25713242e-02]
0.9981056397457193
[ 3.05042859e+01 -1.25713242e-02]
0.9981056395897709
0.998105638404541
0.9981056399763932
0.9981056384256372
[ 3.09119721e+01 -1.19188973e-02]
0.9981056395190326
0.9981056387945709
0.9981056396260717
0.998105639410668
[ 3.09119721e+01 -1.19188973e-02]
0.9981056392782859
0.9981056400098856
[ 3.07558255e+01 -1.18250395e-02]
0.998105639726986
0.998105639725453
0.998105639417714
0.998105640015725
[ 3.07319773e+01 -1.20350751e-02]
0.9981056392978407
0.9981056399796252
[ 3.07319773e+01 -1.20350751e-02]
0.998105639592857
0.9981056390071714
0.9981056399479167
0.9981056397592177
[ 3.07319773e+01 -1.20350751e-02]
0.9981056385559925
0.9981056394340266
0.9981056394613659
0.9981056399565349
[ 3.07319773e+01 -1.20350751e-02]
0.9981056395880336
0.9981056394236417
0.9981056394491757
0.998105639754658
[ 3.07319773e+01 -1.20350751e-02]
0.9981056390645814
0.9981056396062505
[ 3.07319773e+01 -1.20350751e-02]
0.9981056396619934
0.9981056392283648
0.9981056394819938
0.9981056393695265
[ 3.07319773e+01 -1.20350751e-02]
0.9981056400525701
0.9981056394620612
[ 3.07313163e+01 -1.20294191e-02]
0.9981056400452608
[ 3.07313163e+01 -1.20294191e-02]
0.9981056381120997
0.998105638664717
0.9981056398297306
0.9981056395911347
[ 3.07313163e+01 -1.20294191e-02]
0.9981056385791864
0.9981056388112014
0.9981056393302026
0.9981056399385676
[ 3.07313163e+01 -1.20294191e-02]
0.9981056401310154
0.9981056388456504
[ 3.07318542e+01 -1.20275513e-02]
0.9981056396266174
0.9981056392550415
0.9981056396271997
0.9981056398420338
[ 3.07318542e+01 -1.20275513e-02]
0.9981056389266789
0.9981056395140886
0.9981056395995879
0.9981056381536356
[ 3.07318542e+01 -1.20275513e-02]
0.9981056396992491
[ 3.07318542e+01 -1.20275513e-02]
0.9981056401310154
Phase:  [-1.05909181e-04  3.14159500e+00  3.14144105e+00  3.14175232e+00
 -3.14133182e+00]
Final Fidelity:  0.9981056401310154
Final Params:  [ 3.07318542e+01 -1.20275513e-02]
