ddfac=0.1
Optimizing SP for b =  10.0
Optimizing Delta, T, and phases
0 1.0
0 1.0
1 0.9998130484657792
1 0.9998255793266615
2 0.9998130484657792
2 0.9998255793266615
3 0.9996341490431012
3 0.99965872364735
4 0.9998130484657792
4 0.9998255793266615
5 0.9996341490431012
5 0.99965872364735
6 0.9996341490431012
6 0.99965872364735
7 0.9994613479231348
7 0.9994975233422911
8 0.9998130484657792
8 0.9998255793266615
9 0.9996341490431012
9 0.99965872364735
10 0.9996341490431012
10 0.99965872364735
11 0.9994613479231348
11 0.9994975233422911
12 0.9996341490431012
12 0.99965872364735
13 0.9994613479231348
13 0.9994975233422911
14 0.9994613479231348
14 0.9994975233422911
15 0.9992939672055147
15 0.9993413385716867
16 0.9998130484657792
16 0.9998255793266615
17 0.9996769790569716
17 0.9996984730237078
18 0.9996769790569716
18 0.9996984730237078
19 0.9995342735908774
19 0.9995651450312794
20 0.9996769790569716
20 0.9996984730237078
21 0.9995342735908774
21 0.9995651450312794
22 0.9995342735908774
22 0.9995651450312794
23 0.999392325278263
23 0.9994328131461685
24 0.9996769790569716
24 0.9996984730237078
25 0.9995342735908774
25 0.9995651450312794
26 0.9995342735908774
26 0.9995651450312794
27 0.999392325278263
27 0.9994328131461685
28 0.9995342735908774
28 0.9995651450312794
29 0.999392325278263
29 0.9994328131461686
30 0.999392325278263
30 0.9994328131461686
31 0.9992457446449934
31 0.9992959536351743
32 0.16019998096470422
32 0.9996133033804833
0.9741496387873166
Final Fidelity:  0.9741496387873166
Leakage=0.9996132406770029 
