ddfac=0.25
Optimizing SP for b =  10.0
Optimizing Delta, T, and phases
0 1.0
0 1.0
1 0.9998130484657792
1 0.9998255793266615
2 0.9998130484657792
2 0.9998255793266615
3 0.999643411199109
3 0.9996673284384472
4 0.9998130484657792
4 0.9998255793266615
5 0.999643411199109
5 0.9996673284384472
6 0.999643411199109
6 0.9996673284384472
7 0.9994871895915228
7 0.9995215796530876
8 0.9998130484657792
8 0.9998255793266615
9 0.999643411199109
9 0.9996673284384472
10 0.999643411199109
10 0.9996673284384472
11 0.9994871895915228
11 0.9995215796530876
12 0.999643411199109
12 0.9996673284384472
13 0.9994871895915228
13 0.9995215796530875
14 0.9994871895915228
14 0.9995215796530875
15 0.9993441137401141
15 0.999388227282424
16 0.9998130484657792
16 0.9998255793266615
17 0.9996769790569716
17 0.9996984730237078
18 0.9996769790569716
18 0.9996984730237078
19 0.9995416647947082
19 0.999572088087748
20 0.9996769790569716
20 0.9996984730237078
21 0.9995416647947082
21 0.999572088087748
22 0.9995416647947082
22 0.999572088087748
23 0.9994118686706143
23 0.9994510378947846
24 0.9996769790569716
24 0.9996984730237078
25 0.9995416647947082
25 0.999572088087748
26 0.9995416647947082
26 0.999572088087748
27 0.9994118686706143
27 0.9994510378947846
28 0.9995416647947082
28 0.999572088087748
29 0.9994118686706143
29 0.9994510378947846
30 0.9994118686706143
30 0.9994510378947846
31 0.99928552972988
31 0.9993331848263173
32 0.1656531101099014
32 0.9996241237703334
0.9743261394287319
Final Fidelity:  0.9743261394287319
Leakage=0.9996240695138147 
