Optimizing ARP for b =  170.0
Optimizing Delta, T, and phases
0.9922011275625826
0.9928299940646345
0.991446572718715
0.9934731709484641
0.9942981362372115
[0.5423375 0.1999998]
0.9947023589880026
0.9955478181121836
[0.59909375 0.1888887 ]
0.9963520504079633
0.9971584161315677
[0.65269687 0.13888875]
0.9974610578668989
0.9978190787798435
[0.79301094 0.09166657]
0.9869840312341063
0.9969567785561947
[0.79301094 0.09166657]
0.9978261445389255
0.9869840312341063
[0.78473398 0.07847214]
0.978724597108296
0.997632877413201
[0.78473398 0.07847214]
0.9971388564497227
0.997763447387126
[0.78473398 0.07847214]
0.9978301461536947
0.9971388555724173
[0.82291636 0.07161451]
0.9967463569796344
0.9978243664613233
[0.82291636 0.07161451]
0.9973515054265452
0.9978432542954573
[0.80112161 0.07919914]
0.9978821101446044
0.9978638528188112
[0.83930399 0.07234151]
0.997858736802596
[0.83930399 0.07234151]
0.9979111759308951
0.9979127140466196
[0.88297661 0.07000319]
0.9976481413297399
0.997897714164761
[0.88297661 0.07000319]
0.9979359023674512
0.9979494817439015
[0.90484411 0.07364562]
0.997964360148735
0.9979726530110553
[1.00308154 0.06437473]
0.9980069831779128
0.9980271159964527
[1.09593524 0.06702416]
0.9980396073207847
0.9980646827036834
[1.33883696 0.0498071 ]
0.9980765618145786
0.9980895713128191
[1.64599522 0.04649743]
0.9980766001747263
[1.64599522 0.04649743]
0.9980923553024448
0.997973288556116
[2.19605519 0.02597069]
0.9980966885600335
0.9980954805373002
[1.95315347 0.04318776]
0.9980936958365825
[1.95315347 0.04318776]
0.9980999591447489
0.9980990965350006
[2.26031173 0.03987808]
0.9980863589428735
0.9981008920630029
[2.30497303 0.03209697]
0.998102537952641
0.9981031354266798
[2.94162019 0.02158707]
0.9980379291634117
0.9981016386694913
[2.94162019 0.02158707]
0.9981038975114066
0.9981038416334189
[3.07845134 0.02285015]
0.9980870017500988
0.9981029393747194
[3.07845134 0.02285015]
0.9980957383014898
0.9981034330044318
[3.07845134 0.02285015]
0.9981036087881714
[3.07845134 0.02285015]
0.998104016756253
0.9981042145968669
[3.38893479 0.02366787]
0.9981044067367146
0.9981041988263737
[3.46257711 0.02025097]
0.998104613978179
0.9981048156031886
[4.12036518 0.02017795]
0.9981049202508895
0.9981046709913446
[4.19400751 0.01676105]
0.9981051379030409
0.9981052930701412
[5.5464048  0.01490656]
0.9981052790720846
[5.5464048  0.01490656]
0.9981054700509926
0.9981055370281028
[8.36166288e+00 6.07222506e-03]
0.9981055332408613
[8.36166288e+00 6.07222506e-03]
0.9945640763007306
0.9981054631537937
[8.36166288e+00 6.07222506e-03]
0.998095699703147
0.9981055110818218
[8.36166288e+00 6.07222506e-03]
0.9981055520202793
0.998095699703147
[9.01945094e+00 5.99920589e-03]
0.9950209600408956
0.9981055442809988
[9.01945094e+00 5.99920589e-03]
0.9981055620369164
0.9981055667180773
[9.53978375e+00 8.49799052e-03]
0.9981055795542446
0.99810559072342
[1.08602746e+01 6.22095219e-03]
0.9981055899436608
[1.08602746e+01 6.22095219e-03]
0.998105606780344
0.9981056159624928
[1.42817555e+01 5.41505247e-03]
0.9980971141546173
0.9981056000701948
[1.42817555e+01 5.41505247e-03]
0.9981056182618606
0.9981056227908498
[1.76658008e+01 6.58397870e-03]
0.9981056286730968
0.998105633358841
[2.39697120e+01 3.46080761e-03]
0.9981056342217677
0.9981056368954979
[3.38897584e+01 4.23707451e-03]
0.9981054832695063
0.9981056326086972
[3.38897584e+01 4.23707451e-03]
0.9981056363460621
[3.38897584e+01 4.23707451e-03]
0.9981056382699206
0.9981056388179783
[5.47377671e+01 3.15612992e-03]
0.9981056388118907
[5.47377671e+01 3.15612992e-03]
0.9981056391389328
0.9981056389387709
[7.49138319e+01 3.83083759e-03]
0.9981056390805698
[7.49138319e+01 3.83083759e-03]
0.9981056396471852
0.9981056393948706
[9.57618406e+01 2.74989300e-03]
0.9981056390984506
0.9981056392219267
[9.57618406e+01 2.74989300e-03]
0.9981056391242845
0.9981056395020879
[9.57618406e+01 2.74989300e-03]
0.9981056395597334
[9.57618406e+01 2.74989300e-03]
0.9981056394278658
0.9981056392085212
0.998105639643064
0.9981056394379118
[9.57618406e+01 2.74989300e-03]
0.9981056382367135
0.9981056390495447
0.9981056388227956
0.9981056390208823
[9.57618406e+01 2.74989300e-03]
0.9981056381811992
0.9981056386761963
0.9981056394321055
0.998105639533783
[9.57618406e+01 2.74989300e-03]
