Optimizing ARP for b =  500.0
Optimizing Delta, T, and phases
0.9996400075274726
0.9996677860941852
0.999570592165249
0.9995866093402239
0.9996539311501407
[24.15  0.54]
0.9996347568907509
0.9996642351684338
[24.15  0.54]
0.9996558197560016
0.9996646723411633
[24.15  0.54]
0.9996590027642501
0.9996676221092088
[24.15  0.54]
0.9996677334862919
[24.15  0.54]
0.9996616895806575
0.9996689490302193
[23.92875977  0.5384707 ]
0.9996667436139276
0.9996686350603141
[23.92875977  0.5384707 ]
0.9996684902385619
0.9996689405802202
[23.92875977  0.5384707 ]
0.9996684340109938
0.9996689074712722
[23.92875977  0.5384707 ]
0.9996689096820274
0.9996689865805164
[23.88854942  0.53771306]
0.9996686844326911
0.9996690641864194
[23.91298666  0.53741941]
0.9996689255571717
0.9996690082095174
[23.91298666  0.53741941]
0.9996690184329519
[23.91298666  0.53741941]
0.9996689855406067
0.9996690026339573
0.9996690781741014
0.9996689956189856
[23.9260939   0.53757212]
0.9996689712409832
0.999669018317277
[23.9260939   0.53757212]
0.9996690357298271
0.9996690402874614
[23.9260939   0.53757212]
0.9996690809769658
0.9996690184756766
[23.91812403  0.53755156]
0.9996690764995474
0.9996690102928848
0.9996689951925201
0.9996689756683739
[23.91812403  0.53755156]
0.9996689854427893
0.9996689435883903
0.9996690133568638
0.9996690225633232
[23.91812403  0.53755156]
0.9996690204761473
0.9996690297129236
[23.91812403  0.53755156]
0.9996689945847813
0.9996690406551643
[23.91812403  0.53755156]
0.9996690025963716
0.9996689760190774
0.9996690580639538
0.9996689950202946
[23.91812403  0.53755156]
0.9996690398833948
0.9996690861238823
[23.91818939  0.53754964]
0.9996690479549436
0.9996689927955658
0.9996690064554999
0.9996689809621644
[23.91818939  0.53754964]
0.9996689929278084
0.9996690268234074
[23.91818939  0.53754964]
0.9996691065928032
0.9996689922763319
[23.9183554   0.53755184]
0.9996689816688328
0.9996691000333328
[23.9183554   0.53755184]
0.9996685956500903
0.9996690164381654
0.9996691040752553
0.999669018271697
[23.9183554   0.53755184]
0.9996691065928032
Phase:  [0.22661118 0.22665342 0.22677735 0.22679502]
Final Fidelity:  0.9996691065928032
Final Params:  [23.9183554   0.53755184]
