Optimizing ARP for b =  600.0
Optimizing Delta, T, and phases
0.9996662470536867
0.9996939800173101
0.9995993410289319
0.9996101340298834
0.9996787350692571
[24.15  0.54]
0.9996594118411117
0.9996900185618218
[24.15  0.54]
0.9996829149873044
0.999690886184035
[24.15  0.54]
0.9996858784968927
0.9996936652691797
[24.15  0.54]
0.9996933333321324
0.9996947541225165
[24.01411133  0.53741602]
0.9996898699129964
0.9996948771869342
[23.9116333  0.5390376]
0.9996941145404651
0.9996947930516796
[23.9116333  0.5390376]
0.9996940696896612
0.9996949416418537
[23.95229111  0.53780246]
0.99969489035485
[23.95229111  0.53780246]
0.9996947810111786
0.9996949505516737
[23.94254341  0.53884438]
0.9996948308311618
0.9996949568974394
[23.9710166   0.53891163]
0.9996947623718779
0.9996949813540108
[23.95453556  0.53834023]
0.9996949227889017
0.9996949835217416
[23.95265974  0.53873515]
0.9996949315482376
0.9996950066764331
[23.96230712  0.53872466]
0.9996949670924797
0.9996949266857273
0.9996950026903093
0.999694997104957
[23.96230712  0.53872466]
0.9996948907220825
0.9996949514673799
0.9996949453712823
0.9996949275875202
[23.96230712  0.53872466]
0.9996948894520544
0.9996949234987802
0.9996949303573426
0.9996949843738525
[23.96230712  0.53872466]
0.999694935283532
0.9996950083087862
[23.9621815   0.53868797]
0.9996948946189151
0.9996949792184493
0.999694949370963
0.9996949574799596
[23.9621815   0.53868797]
0.9996949025551563
0.999694935201231
0.9996949140595535
0.9996949405348484
[23.9621815   0.53868797]
0.9996949465569107
[23.9621815   0.53868797]
0.9996949249907946
0.9996949201340639
0.9996949051689852
0.9996949392888321
[23.9621815   0.53868797]
0.9996949687640594
[23.9621815   0.53868797]
0.9996949446329255
0.9996950305546991
[23.96209435  0.53868461]
0.9996950305546991
Phase:  [0.18902788 0.18924392 0.18934971 0.18936328]
Final Fidelity:  0.9996950305546991
Final Params:  [23.96209435  0.53868461]
