Optimizing ARP for b =  300.0
Optimizing Delta, T, and phases
0.9991005599808597
0.9991136975564927
0.9991005599808597
0.9991136982713332
0.9991005683724158
[24.15   0.513]
0.9990783610126898
0.9991152517328693
[23.575    0.53325]
0.9991152514316262
[23.575    0.53325]
0.9991005599808597
0.9991162058710306
[23.8625    0.516375]
0.9991162048220092
[23.8625    0.516375]
0.9991136982713332
0.9991162318711926
[23.71875    0.5315625]
0.9991162321465559
0.999115939412126
[23.71875    0.5045625]
0.9991152514316262
0.9991163674616236
[23.790625    0.51721875]
0.9991163654200903
[23.790625    0.51721875]
0.9991162026895821
0.9991163355869204
[23.790625    0.51721875]
0.9991162241580586
0.9991163540508667
[23.790625    0.51721875]
0.9991158907767215
0.9991162857872438
0.9991163670599092
0.9991162861383296
[23.790625    0.51721875]
0.9991162765298726
0.9991162698452086
0.9991163670599092
0.9991162698452086
[23.790625    0.51721875]
0.9991162338505988
0.9991163074405459
[23.790625    0.51721875]
0.9991162804529783
0.9991164234390195
[23.78950195  0.51385693]
0.9991164234390195
[23.78950195  0.51385693]
0.9991163072878289
0.9991163946882253
[23.78950195  0.51385693]
0.9991162778472237
0.9991164098920209
[23.78950195  0.51385693]
0.9991162649249509
0.9991164152313642
[23.78950195  0.51385693]
0.9991164293287289
0.9991162656533253
[23.78936157  0.51723358]
0.9991164293287289
[23.78936157  0.51723358]
0.9991162649249509
0.9991164269004598
[23.78936157  0.51723358]
0.9991164334366697
0.9991162649249509
[23.78929138  0.51385941]
0.9991164334366697
[23.78929138  0.51385941]
0.9991162646042706
0.9991164313185958
[23.78929138  0.51385941]
0.9991164356931945
0.9991162653142311
[23.78925629  0.51723482]
0.9991164345940544
[23.78925629  0.51723482]
0.9991162646042706
0.9991164350505489
[23.78925629  0.51723482]
0.9991164325386431
0.9991164357932707
[23.78926067  0.51301602]
0.999116436332396
0.9991162650270446
[23.78924313  0.51639122]
0.999116436036011
[23.78924313  0.51639122]
0.9991162644625494
0.9991164363489456
[23.789253    0.51364892]
0.9991164343279433
0.9991164360691556
[23.789253    0.51364892]
0.9991164332820162
0.9991164362297155
[23.789253    0.51364892]
0.9991164350022242
0.9991164364022891
[23.78924799  0.51466411]
0.9991164347157332
0.999116436144581
0.9991164360654818
0.9991164337445149
[23.78924799  0.51466411]
0.9991164342310266
0.9991164355278175
[23.78924799  0.51466411]
0.9991164364877984
0.9991164337445149
[23.7892474   0.51496899]
0.9991164356710689
0.9991164359438321
0.9991164363554896
0.9991164357671701
[23.7892474   0.51496899]
0.9991164354908364
0.9991164357958541
[23.7892474   0.51496899]
0.9991164347294077
0.9991164357512721
0.9991164350835312
0.9991164360972065
[23.7892474   0.51496899]
0.9991164366408082
0.9991164357239695
[23.78924768  0.5149246 ]
0.9991164366408082
Phase:  [0.32583224 0.32586629 0.32590146]
Final Fidelity:  0.9991164366408082
Final Params:  [23.78924768  0.5149246 ]
