Optimizing ARP for b =  200.0
Optimizing Delta, T, and phases
0.9982834692246118
0.9982964673398671
0.9982834692246118
0.9982964664973261
[24.15  0.54]
0.99826091707004
0.9982981863807799
[23.575    0.53325]
0.9982981863807799
[23.575    0.53325]
0.9982834700708754
0.9982991505997282
[23.8625    0.543375]
0.9982991505997282
[23.8625    0.543375]
0.9982964664973261
0.9982991497659778
[23.8625    0.543375]
0.9982977343852506
0.9982990951962482
0.9982991505997282
0.9982990951962482
[23.8625    0.543375]
0.9982987134169053
0.998299157157799
[23.8265625   0.53704687]
0.998299157157799
[23.8265625   0.53704687]
0.9982990977226042
0.9982991159112291
0.998299157157799
0.9982991159112291
[23.8265625   0.53704687]
0.9982984236542711
0.99829895978589
0.998299157157799
0.998298958507391
[23.8265625   0.53704687]
0.9982982283414226
0.9982990580707061
[23.8265625   0.53704687]
0.9982991215835898
0.9982992045092599
[23.82431641  0.53876074]
0.9982992067357266
0.9982990966638874
[23.82431641  0.53538574]
0.9982991218527917
0.9982991816120744
[23.82431641  0.53538574]
0.9982990968402433
0.9982991939563147
[23.82431641  0.53538574]
0.9982990844170201
0.9982992004635501
[23.82431641  0.53538574]
0.9982990779843726
0.9982992033687261
[23.82431641  0.53538574]
0.998299074675193
0.9982992042829091
[23.82431641  0.53538574]
0.9982990739456709
0.9982992054176427
[23.82431641  0.53538574]
0.9982992049472817
0.9982992045280351
0.998299206081982
0.9982992050649642
[23.82431641  0.53538574]
0.9982992055125921
0.998299206151384
[23.82431641  0.53538574]
0.9982992062993811
[23.82431641  0.53538574]
0.9982992061561977
0.9982992058100398
0.9982992058791255
0.9982992059870384
[23.82431641  0.53538574]
0.9982992048844885
0.9982992060985258
[23.82431641  0.53538574]
0.9982992066775671
[23.82431641  0.53538574]
0.9982992061023184
0.9982992062091514
[23.82431641  0.53538574]
0.9982992061272208
0.9982992062836047
[23.82431641  0.53538574]
0.9982992064417712
0.9982992050370868
0.9982992062545378
0.9982992070998752
[23.82431445  0.53536434]
0.9982992070998752
Phase:  [0.49034016 0.49054719 0.49051937]
Final Fidelity:  0.9982992070998752
Final Params:  [23.82431445  0.53536434]
