Optimizing ARP for b =  300.0
Optimizing Delta, T, and phases
0.9994879533429719
0.9995154869372683
0.9994034342268023
0.9994497768606693
0.9995098492551048
[24.15  0.54]
0.999490384006849
0.9995096016864365
[24.15  0.54]
0.9995142318269332
[24.15  0.54]
0.9994982328635368
0.9995186507140277
[23.84453125  0.53240625]
0.9995125894566579
0.9995185439043698
[23.84453125  0.53240625]
0.9995075789487078
0.9995181551030183
[23.84453125  0.53240625]
0.9995157987165229
0.9995192799224001
[23.88552246  0.53580762]
0.9995182255209496
0.9995190537538268
[23.88552246  0.53580762]
0.9995179052707343
0.9995184696640058
0.9995192041644824
0.9995192692922317
[23.88552246  0.53580762]
0.9995188369594242
0.9995192320578107
[23.88552246  0.53580762]
0.9995193929533795
0.9995188369594242
[23.8896286   0.53466888]
0.9995191098238349
0.9995194007504857
[23.87630119  0.53467259]
0.9995192105191275
0.999518921266138
0.9995188495582835
0.9995193826136162
[23.87630119  0.53467259]
0.9995193924653488
[23.87630119  0.53467259]
0.9995193906528215
0.9995193049853602
0.999519274888501
0.9995194627844272
[23.87860651  0.53495635]
0.9995194120539459
[23.87860651  0.53495635]
0.9995194195354686
[23.87860651  0.53495635]
0.999519382645416
0.9995194209225977
[23.87860651  0.53495635]
0.9995193486640992
0.9995185086825235
0.9995194791717879
0.9995195117266604
[23.88027244  0.53495588]
0.9995193869767343
0.999519445277984
0.9995185548734778
0.9995195597313092
[23.87943947  0.53495612]
0.9995193206955061
0.9995193910127755
[23.87943947  0.53495612]
0.9995194931532636
0.9995194686132173
0.9995195360847485
0.9995194491433351
[23.87943947  0.53495612]
0.9995194795849
0.9995194062578532
0.9995195481849506
0.9995189230290608
[23.87943947  0.53495612]
0.9995194124858858
0.9995194555939327
[23.87943947  0.53495612]
0.9995193774732581
0.9995193840611143
0.9995195534196822
0.9995193864613353
[23.87943947  0.53495612]
0.9995194188839296
0.9995194187694313
0.9995195559703416
0.9995194726663142
[23.87943947  0.53495612]
0.9995195597313092
Phase:  [0.37692694 0.37667737 0.37692448 0.37687251]
Final Fidelity:  0.9995195597313092
Final Params:  [23.87943947  0.53495612]
