Optimizing ARP for b =  600.0
Optimizing Delta, T, and phases
0.9995905117272811
0.9996032893960859
0.9995905117272811
0.9996032886286923
[24.15  0.54]
0.99956806799207
0.99960501374455
[23.575    0.53325]
0.99960501374455
[23.575    0.53325]
0.9995905135247664
0.9996058220029223
[23.8625    0.543375]
0.9996058220029223
[23.8625    0.543375]
0.9996032886286923
0.999605920478154
[23.71875    0.5315625]
0.9996059191964536
[23.71875    0.5315625]
0.9996050157825214
0.9996060053738227
[23.790625    0.54421875]
0.9996060027097337
[23.790625    0.54421875]
0.9996058208740274
0.9996059889789445
[23.790625    0.54421875]
0.9996059837794699
0.9996060229339142
[23.77265625  0.53092969]
0.9996060210207794
[23.77265625  0.53092969]
0.9996059911444071
0.9996060337367966
[23.78164063  0.54432422]
0.999606034115123
0.9996060156106066
[23.78164063  0.51732422]
0.9996060053738227
0.9996060254291277
[23.78164063  0.51732422]
0.9996060172860859
0.9996059941216566
0.9996060340459747
0.9996059930814784
[23.78164063  0.51732422]
0.9996059874555752
0.9996059761668445
0.999606034115123
0.9996059761668445
[23.78164063  0.51732422]
0.9996060109081
0.9996060257721555
[23.78164063  0.51732422]
0.9996059674366072
0.9996060260668127
[23.78164063  0.51732422]
0.9996059636016654
0.9996060325083627
[23.78164063  0.51732422]
0.9996060367372818
0.9996059628898555
[23.78150024  0.52070087]
0.9996060367372818
[23.78150024  0.52070087]
0.9996059644853665
0.9996060356679114
[23.78150024  0.52070087]
0.9996060377482539
0.9996059639046445
[23.78143005  0.51732669]
0.9996060377482539
[23.78143005  0.51732669]
0.9996059644853665
0.9996060370820444
[23.78143005  0.51732669]
0.9996059615827997
0.9996060369674067
0.9996060377482539
0.9996060369674067
[23.78143005  0.51732669]
0.9996060381746001
0.9996059615827997
[23.78141251  0.5190144 ]
0.9996060381746001
[23.78141251  0.5190144 ]
0.9996059615827997
0.9996060371768855
0.9996060381746001
0.9996060371768855
[23.78141251  0.5190144 ]
0.9996060375713274
0.999606036713142
0.9996060381746001
0.9996060373718805
[23.78141251  0.5190144 ]
0.999606036713142
0.9996060377072684
[23.78141251  0.5190144 ]
0.9996060384193446
0.9996060376474574
[23.78141031  0.51859255]
0.9996060373151114
0.9996060382547887
[23.78141031  0.51859255]
0.9996060367203816
0.9996060385635825
[23.78141182  0.5187771 ]
0.9996060377667384
0.9996060368271488
0.9996060381056727
0.99960603814576
[23.78141182  0.5187771 ]
0.9996060365498196
0.9996060379714897
0.9996060375118558
0.9996060383532813
[23.78141182  0.5187771 ]
0.9996060385635825
Phase:  [0.16266161 0.16283035 0.16264508]
Final Fidelity:  0.9996060385635825
Final Params:  [23.78141182  0.5187771 ]
