#Step_num time omega delta |10><10| |r0><r0| |d0><d0|
0 0.000000 0.000000 0.000000 1.000000 0.000000 0.000000 0.000000 0.000000 0.000000 0.000000 0.000000 0.000000 0.000000 0.000000
1 0.010000 0.000000 0.000000 1.000000 0.000000 0.000000 0.000000 0.000000 0.000000 0.000000 0.000000 0.000000 0.000000 0.000000
2 0.110000 0.000000 0.000000 1.000000 0.000000 0.000000 0.000000 0.000000 0.000000 0.000000 0.000000 0.000000 0.000000 0.000000
3 0.210000 0.000000 0.000000 1.000000 0.000000 0.000000 0.000000 0.000000 0.000000 0.000000 0.000000 0.000000 0.000000 0.000000
4 0.250135 0.000000 0.000000 1.000000 0.000000 0.000000 0.000000 0.000000 0.000000 0.000000 0.000000 0.000000 0.000000 0.000000
5 0.287227 0.000000 0.000000 1.000000 0.000000 0.000000 0.000000 0.000000 0.000000 0.000000 0.000000 0.000000 0.000000 0.000000
6 0.326554 0.000000 0.000000 1.000000 0.000000 0.000000 0.000000 0.000000 0.000000 0.000000 0.000000 0.000000 0.000000 0.000000
7 0.354986 0.000000 0.000000 1.000000 0.000000 0.000000 0.000000 0.000000 0.000000 0.000000 0.000000 0.000000 0.000000 0.000000
8 0.383455 0.000000 0.000000 1.000000 0.000000 0.000000 0.000000 0.000000 0.000000 0.000000 0.000000 0.000000 0.000000 0.000000
9 0.402262 0.000000 0.000000 1.000000 0.000000 0.000000 0.000000 0.000000 0.000000 0.000000 0.000000 0.000000 0.000000 0.000000
10 0.416385 0.000000 0.000000 1.000000 0.000000 0.000000 0.000000 0.000000 0.000000 0.000000 0.000000 0.000000 0.000000 0.000000
11 0.429194 0.000000 0.000000 1.000000 0.000000 0.000000 0.000000 0.000000 0.000000 0.000000 0.000000 0.000000 0.000000 0.000000
12 0.440948 0.000000 0.000000 1.000000 0.000000 0.000000 0.000000 0.000000 0.000000 0.000000 0.000000 0.000000 0.000000 0.000000
13 0.453283 0.000000 0.000000 1.000000 0.000000 0.000000 0.000000 0.000000 0.000000 0.000000 0.000000 0.000000 0.000000 0.000000
14 0.464512 0.000000 0.000000 1.000000 0.000000 0.000000 0.000000 0.000000 0.000000 0.000000 0.000000 0.000000 0.000000 0.000000
15 0.474757 0.000000 0.000000 1.000000 0.000000 0.000000 0.000000 0.000000 0.000000 0.000000 0.000000 0.000000 0.000000 0.000000
16 0.484718 0.000000 0.000000 1.000000 0.000000 0.000000 0.000000 0.000000 0.000000 0.000000 0.000000 0.000000 0.000000 0.000000
17 0.494645 0.000000 0.000000 1.000000 0.000000 0.000000 0.000000 0.000000 0.000000 0.000000 0.000000 0.000000 0.000000 0.000000
18 0.504558 0.000000 0.000000 0.999999 0.000000 0.000000 0.000000 0.000000 0.000000 0.000000 0.000001 0.000000 0.000000 0.000000
19 0.514463 0.000000 0.000000 0.999999 0.000000 0.000000 0.000000 0.000000 0.000000 0.000000 0.000001 0.000000 0.000000 0.000000
20 0.524362 0.000000 0.000000 0.999999 0.000000 0.000000 0.000000 0.000000 0.000000 0.000000 0.000002 0.000000 0.000000 0.000000
21 0.534253 0.000000 0.000000 0.999998 0.000000 0.000000 0.000000 0.000000 0.000000 0.000000 0.000003 0.000000 0.000000 0.000000
22 0.544142 0.000000 0.000000 0.999996 0.000000 0.000000 0.000000 0.000000 0.000000 0.000000 0.000004 0.000000 0.000000 0.000000
23 0.554031 0.000000 0.000000 0.999994 0.000000 0.000000 0.000000 0.000000 0.000000 0.000000 0.000007 0.000000 0.000000 0.000000
24 0.563910 0.000000 0.000000 0.999991 0.000000 0.000000 0.000000 0.000000 0.000000 0.000000 0.000011 0.000000 0.000000 0.000000
25 0.573791 0.000000 0.000000 0.999986 0.000000 0.000000 0.000000 0.000000 0.000000 0.000000 0.000017 0.000000 0.000000 0.000000
26 0.583680 0.000000 0.000000 0.999978 0.000000 0.000000 0.000000 0.000000 0.000000 0.000000 0.000026 0.000000 0.000000 0.000000
27 0.593544 0.000000 0.000000 0.999966 0.000000 0.000000 0.000000 0.000000 0.000000 0.000000 0.000041 0.000000 0.000000 0.000000
28 0.603418 0.000000 0.000000 0.999949 0.000000 0.000000 0.000000 0.000000 0.000000 0.000000 0.000062 0.000000 0.000000 0.000000
29 0.613327 0.000000 0.000000 0.999923 0.000000 0.000000 0.000000 0.000000 0.000000 0.000000 0.000096 0.000000 0.000000 0.000000
30 0.623157 0.000000 0.000000 0.999886 0.000000 0.000000 0.000000 0.000000 0.000000 0.000000 0.000145 0.000000 0.000000 0.000000
31 0.633015 0.000000 0.000000 0.999831 0.000000 0.000000 0.000000 0.000000 0.000000 0.000000 0.000218 0.000000 0.000000 0.000000
32 0.642990 0.000000 0.000000 0.999751 0.000000 0.000000 0.000000 0.000000 0.000000 0.000000 0.000328 0.000000 0.000000 0.000000
33 0.652736 0.000000 0.000000 0.999640 0.000000 0.000000 0.000000 0.000000 0.000000 0.000000 0.000484 0.000000 0.000000 0.000000
34 0.662545 0.000000 0.000000 0.999481 0.000000 0.000000 0.000000 0.000000 0.000000 0.000000 0.000711 0.000000 0.000000 0.000000
35 0.672704 0.000000 0.000000 0.999249 0.000000 0.000000 0.000000 0.000000 0.000000 0.000000 0.001051 0.000000 0.000000 0.000000
36 0.682241 0.000000 0.000000 0.998946 0.000000 0.000000 0.000000 0.000000 0.000000 0.000000 0.001505 0.000000 0.000000 0.000000
37 0.691903 0.000000 0.000000 0.998526 0.000000 0.000000 0.000000 0.000000 0.000000 0.000000 0.002150 0.000000 0.000000 0.000000
38 0.700946 0.000000 0.000000 0.997996 0.000000 0.000000 0.000000 0.000000 0.000000 0.000000 0.002983 0.000000 0.000000 0.000000
39 0.710539 0.000000 0.000000 0.997245 0.000000 0.000000 0.000000 0.000000 0.000000 0.000000 0.004191 0.000000 0.000000 0.000000
40 0.719521 0.000000 0.000000 0.996315 0.000000 0.000000 0.000000 0.000000 0.000000 0.000000 0.005726 0.000000 0.000000 0.000000
41 0.728309 0.000000 0.000000 0.995135 0.000000 0.000000 0.000000 0.000000 0.000000 0.000000 0.007723 0.000000 0.000000 0.000000
42 0.736259 0.000000 0.000000 0.993783 0.000000 0.000000 0.000000 0.000000 0.000000 0.000000 0.010072 0.000000 0.000000 0.000000
43 0.744776 0.000000 0.000000 0.991966 0.000000 0.000000 0.000000 0.000000 0.000000 0.000000 0.013314 0.000000 0.000000 0.000000
44 0.753072 0.000000 0.000000 0.989753 0.000000 0.000000 0.000000 0.000000 0.000000 0.000000 0.017377 0.000000 0.000000 0.000000
45 0.760655 0.000000 0.000000 0.987275 0.000000 0.000000 0.000000 0.000000 0.000000 0.000000 0.022064 0.000000 0.000000 0.000000
46 0.767655 0.000000 0.000000 0.984535 0.000000 0.000000 0.000000 0.000000 0.000000 0.000000 0.027396 0.000000 0.000000 0.000000
47 0.774920 0.000000 0.000000 0.981166 0.000000 0.000000 0.000000 0.000000 0.000000 0.000000 0.034158 0.000000 0.000000 0.000000
48 0.781774 0.000000 0.000000 0.977431 0.000000 0.000000 0.000000 0.000000 0.000000 0.000000 0.041901 0.000000 0.000000 0.000000
49 0.788609 0.000000 0.000000 0.973105 0.000000 0.000000 0.000000 0.000000 0.000000 0.000000 0.051181 0.000000 0.000000 0.000000
50 0.795194 0.000000 0.000000 0.968313 0.000000 0.000000 0.000000 0.000000 0.000000 0.000000 0.061843 0.000000 0.000000 0.000000
51 0.801375 0.000000 0.000000 0.963211 0.000000 0.000000 0.000000 0.000000 0.000000 0.000000 0.073632 0.000000 0.000000 0.000000
52 0.807232 0.000000 0.000000 0.957801 0.000000 0.000000 0.000000 0.000000 0.000000 0.000000 0.086623 0.000000 0.000000 0.000000
53 0.812868 0.000000 0.000000 0.952040 0.000000 0.000000 0.000000 0.000000 0.000000 0.000000 0.101017 0.000000 0.000000 0.000000
54 0.818336 0.000000 0.000000 0.945913 0.000000 0.000000 0.000000 0.000000 0.000000 0.000000 0.116973 0.000000 0.000000 0.000000
55 0.823647 0.000000 0.000000 0.939446 0.000000 0.000000 0.000000 0.000000 0.000000 0.000000 0.134561 0.000000 0.000000 0.000000
56 0.828790 0.000000 0.000000 0.932695 0.000000 0.000000 0.000000 0.000000 0.000000 0.000000 0.153767 0.000000 0.000000 0.000000
57 0.833760 0.000000 0.000000 0.925724 0.000000 0.000000 0.000000 0.000000 0.000000 0.000000 0.174552 0.000000 0.000000 0.000000
58 0.838565 0.000000 0.000000 0.918574 0.000000 0.000000 0.000000 0.000000 0.000000 0.000000 0.196920 0.000000 0.000000 0.000000
59 0.843223 0.000000 0.000000 0.911277 0.000000 0.000000 0.000000 0.000000 0.000000 0.000000 0.220915 0.000000 0.000000 0.000000
60 0.847752 0.000000 0.000000 0.903856 0.000000 0.000000 0.000000 0.000000 0.000000 0.000000 0.246593 0.000000 0.000000 0.000000
61 0.852163 0.000000 0.000000 0.896342 0.000000 0.000000 0.000000 0.000000 0.000000 0.000000 0.273996 0.000000 0.000000 0.000000
62 0.856463 0.000000 0.000000 0.888770 0.000000 0.000000 0.000000 0.000000 0.000000 0.000000 0.303131 0.000000 0.000000 0.000000
63 0.860653 0.000000 0.000000 0.881184 0.000000 0.000000 0.000000 0.000000 0.000000 0.000000 0.333967 0.000000 0.000000 0.000000
64 0.864733 0.000000 0.000000 0.873625 0.000000 0.000000 0.000000 0.000000 0.000000 0.000000 0.366444 0.000000 0.000000 0.000000
65 0.868703 0.000000 0.000000 0.866133 0.000000 0.000000 0.000000 0.000000 0.000000 0.000000 0.400490 0.000000 0.000000 0.000000
66 0.872565 0.000000 0.000000 0.858739 0.000000 0.000000 0.000000 0.000000 0.000000 0.000000 0.436027 0.000000 0.000000 0.000000
67 0.876319 0.000000 0.000000 0.851469 0.000000 0.000000 0.000000 0.000000 0.000000 0.000000 0.472981 0.000000 0.000000 0.000000
68 0.879970 0.000000 0.000000 0.844340 0.000000 0.000000 0.000000 0.000000 0.000000 0.000000 0.511277 0.000000 0.000000 0.000000
69 0.883519 0.000000 0.000000 0.837367 0.000000 0.000000 0.000000 0.000000 0.000000 0.000000 0.550840 0.000000 0.000000 0.000000
70 0.886971 0.000000 0.000000 0.830560 0.000000 0.000000 0.000000 0.000000 0.000000 0.000000 0.591587 0.000000 0.000000 0.000000
71 0.890328 0.000000 0.000000 0.823923 0.000000 0.000000 0.000000 0.000000 0.000000 0.000000 0.633438 0.000000 0.000000 0.000000
72 0.893593 0.000000 0.000000 0.817461 0.000000 0.000000 0.000000 0.000000 0.000000 0.000000 0.676309 0.000000 0.000000 0.000000
73 0.896768 0.000000 0.000000 0.811172 0.000000 0.000000 0.000000 0.000000 0.000000 0.000000 0.720124 0.000000 0.000000 0.000000
74 0.899857 0.000000 0.000000 0.805053 0.000000 0.000000 0.000000 0.000000 0.000000 0.000000 0.764814 0.000000 0.000000 0.000000
75 0.902865 0.000000 0.000000 0.799100 0.000000 0.000000 0.000000 0.000000 0.000000 0.000000 0.810320 0.000000 0.000000 0.000000
76 0.905794 0.000000 0.000000 0.793305 0.000000 0.000000 0.000000 0.000000 0.000000 0.000000 0.856593 0.000000 0.000000 0.000000
77 0.908649 0.000000 0.000000 0.787662 0.000000 0.000000 0.000000 0.000000 0.000000 0.000000 0.903593 0.000000 0.000000 0.000000
78 0.911435 0.000000 0.000000 0.782162 0.000000 0.000000 0.000000 0.000000 0.000000 0.000000 0.951288 0.000000 0.000000 0.000000
79 0.914155 0.000000 0.000000 0.776799 0.000000 0.000000 0.000000 0.000000 0.000000 0.000000 0.999649 0.000000 0.000000 0.000000
80 0.916812 0.000000 0.000000 0.771566 0.000000 0.000000 0.000000 0.000000 0.000000 0.000000 1.048654 0.000000 0.000000 0.000000
81 0.919411 0.000000 0.000000 0.766458 0.000000 0.000000 0.000000 0.000000 0.000000 0.000000 1.098278 0.000000 0.000000 0.000000
82 0.921954 0.000000 0.000000 0.761472 0.000000 0.000000 0.000000 0.000000 0.000000 0.000000 1.148502 0.000000 0.000000 0.000000
83 0.924445 0.000000 0.000000 0.756604 0.000000 0.000000 0.000000 0.000000 0.000000 0.000000 1.199306 0.000000 0.000000 0.000000
84 0.926885 0.000000 0.000000 0.751852 0.000000 0.000000 0.000000 0.000000 0.000000 0.000000 1.250669 0.000000 0.000000 0.000000
85 0.929278 0.000000 0.000000 0.747215 0.000000 0.000000 0.000000 0.000000 0.000000 0.000000 1.302575 0.000000 0.000000 0.000000
86 0.931625 0.000000 0.000000 0.742692 0.000000 0.000000 0.000000 0.000000 0.000000 0.000000 1.355005 0.000000 0.000000 0.000000
87 0.933929 0.000000 0.000000 0.738282 0.000000 0.000000 0.000000 0.000000 0.000000 0.000000 1.407941 0.000000 0.000000 0.000000
88 0.936193 0.000000 0.000000 0.733986 0.000000 0.000000 0.000000 0.000000 0.000000 0.000000 1.461368 0.000000 0.000000 0.000000
89 0.938417 0.000000 0.000000 0.729803 0.000000 0.000000 0.000000 0.000000 0.000000 0.000000 1.515268 0.000000 0.000000 0.000000
90 0.940603 0.000000 0.000000 0.725734 0.000000 0.000000 0.000000 0.000000 0.000000 0.000000 1.569625 0.000000 0.000000 0.000000
91 0.942753 0.000000 0.000000 0.721778 0.000000 0.000000 0.000000 0.000000 0.000000 0.000000 1.624419 0.000000 0.000000 0.000000
92 0.944869 0.000000 0.000000 0.717935 0.000000 0.000000 0.000000 0.000000 0.000000 0.000000 1.679635 0.000000 0.000000 0.000000
93 0.946952 0.000000 0.000000 0.714205 0.000000 0.000000 0.000000 0.000000 0.000000 0.000000 1.735251 0.000000 0.000000 0.000000
94 0.949002 0.000000 0.000000 0.710586 0.000000 0.000000 0.000000 0.000000 0.000000 0.000000 1.791249 0.000000 0.000000 0.000000
95 0.951022 0.000000 0.000000 0.707077 0.000000 0.000000 0.000000 0.000000 0.000000 0.000000 1.847610 0.000000 0.000000 0.000000
96 0.953012 0.000000 0.000000 0.703676 0.000000 0.000000 0.000000 0.000000 0.000000 0.000000 1.904312 0.000000 0.000000 0.000000
97 0.954973 0.000000 0.000000 0.700380 0.000000 0.000000 0.000000 0.000000 0.000000 0.000000 1.961336 0.000000 0.000000 0.000000
98 0.956906 0.000000 0.000000 0.697188 0.000000 0.000000 0.000000 0.000000 0.000000 0.000000 2.018664 0.000000 0.000000 0.000000
99 0.958812 0.000000 0.000000 0.694094 0.000000 0.000000 0.000000 0.000000 0.000000 0.000000 2.076275 0.000000 0.000000 0.000000
100 0.960692 0.000000 0.000000 0.691095 0.000000 0.000000 0.000000 0.000000 0.000000 0.000000 2.134152 0.000000 0.000000 0.000000
101 0.962546 0.000000 0.000000 0.688186 0.000000 0.000000 0.000000 0.000000 0.000000 0.000000 2.192279 0.000000 0.000000 0.000000
102 0.964376 0.000000 0.000000 0.685363 0.000000 0.000000 0.000000 0.000000 0.000000 0.000000 2.250639 0.000000 0.000000 0.000000
103 0.966182 0.000000 0.000000 0.682620 0.000000 0.000000 0.000000 0.000000 0.000000 0.000000 2.309218 0.000000 0.000000 0.000000
104 0.967965 0.000000 0.000000 0.679953 0.000000 0.000000 0.000000 0.000000 0.000000 0.000000 2.368004 0.000000 0.000000 0.000000
105 0.969725 0.000000 0.000000 0.677356 0.000000 0.000000 0.000000 0.000000 0.000000 0.000000 2.426983 0.000000 0.000000 0.000000
106 0.971464 0.000000 0.000000 0.674825 0.000000 0.000000 0.000000 0.000000 0.000000 0.000000 2.486144 0.000000 0.000000 0.000000
107 0.973181 0.000000 0.000000 0.672353 0.000000 0.000000 0.000000 0.000000 0.000000 0.000000 2.545478 0.000000 0.000000 0.000000
108 0.974879 0.000000 0.000000 0.669937 0.000000 0.000000 0.000000 0.000000 0.000000 0.000000 2.604975 0.000000 0.000000 0.000000
109 0.976556 0.000000 0.000000 0.667572 0.000000 0.000000 0.000000 0.000000 0.000000 0.000000 2.664627 0.000000 0.000000 0.000000
110 0.978214 0.000000 0.000000 0.665255 0.000000 0.000000 0.000000 0.000000 0.000000 0.000000 2.724426 0.000000 0.000000 0.000000
111 0.979853 0.000000 0.000000 0.662982 0.000000 0.000000 0.000000 0.000000 0.000000 0.000000 2.784366 0.000000 0.000000 0.000000
112 0.981475 0.000000 0.000000 0.660750 0.000000 0.000000 0.000000 0.000000 0.000000 0.000000 2.844441 0.000000 0.000000 0.000000
113 0.983079 0.000000 0.000000 0.658557 0.000000 0.000000 0.000000 0.000000 0.000000 0.000000 2.904646 0.000000 0.000000 0.000000
114 0.984665 0.000000 0.000000 0.656400 0.000000 0.000000 0.000000 0.000000 0.000000 0.000000 2.964975 0.000000 0.000000 0.000000
115 0.986235 0.000000 0.000000 0.654280 0.000000 0.000000 0.000000 0.000000 0.000000 0.000000 3.025425 0.000000 0.000000 0.000000
116 0.987789 0.000000 0.000000 0.652193 0.000000 0.000000 0.000000 0.000000 0.000000 0.000000 3.085992 0.000000 0.000000 0.000000
117 0.989328 0.000000 0.000000 0.650141 0.000000 0.000000 0.000000 0.000000 0.000000 0.000000 -3.136513 0.000000 0.000000 0.000000
118 0.990851 0.000000 0.000000 0.648123 0.000000 0.000000 0.000000 0.000000 0.000000 0.000000 -3.075723 0.000000 0.000000 0.000000
119 0.992360 0.000000 0.000000 0.646139 0.000000 0.000000 0.000000 0.000000 0.000000 0.000000 -3.014827 0.000000 0.000000 0.000000
120 0.993854 0.000000 0.000000 0.644190 0.000000 0.000000 0.000000 0.000000 0.000000 0.000000 -2.953827 0.000000 0.000000 0.000000
121 0.995335 0.000000 0.000000 0.642277 0.000000 0.000000 0.000000 0.000000 0.000000 0.000000 -2.892726 0.000000 0.000000 0.000000
122 0.996802 0.000000 0.000000 0.640400 0.000000 0.000000 0.000000 0.000000 0.000000 0.000000 -2.831529 0.000000 0.000000 0.000000
123 0.998256 0.000000 0.000000 0.638561 0.000000 0.000000 0.000000 0.000000 0.000000 0.000000 -2.770239 0.000000 0.000000 0.000000
124 0.999697 0.000000 0.000000 0.636761 0.000000 0.000000 0.000000 0.000000 0.000000 0.000000 -2.708859 0.000000 0.000000 0.000000
125 1.001126 0.000000 0.000000 0.635001 0.000000 0.000000 0.000000 0.000000 0.000000 0.000000 -2.647393 0.000000 0.000000 0.000000
126 1.002543 0.000000 0.000000 0.633282 0.000000 0.000000 0.000000 0.000000 0.000000 0.000000 -2.585846 0.000000 0.000000 0.000000
127 1.003948 0.000000 0.000000 0.631606 0.000000 0.000000 0.000000 0.000000 0.000000 0.000000 -2.524221 0.000000 0.000000 0.000000
128 1.005342 0.000000 0.000000 0.629974 0.000000 0.000000 0.000000 0.000000 0.000000 0.000000 -2.462523 0.000000 0.000000 0.000000
129 1.006724 0.000000 0.000000 0.628386 0.000000 0.000000 0.000000 0.000000 0.000000 0.000000 -2.400757 0.000000 0.000000 0.000000
130 1.008096 0.000000 0.000000 0.626842 0.000000 0.000000 0.000000 0.000000 0.000000 0.000000 -2.338927 0.000000 0.000000 0.000000
131 1.009457 0.000000 0.000000 0.625343 0.000000 0.000000 0.000000 0.000000 0.000000 0.000000 -2.277038 0.000000 0.000000 0.000000
132 1.010808 0.000000 0.000000 0.623889 0.000000 0.000000 0.000000 0.000000 0.000000 0.000000 -2.215094 0.000000 0.000000 0.000000
133 1.012149 0.000000 0.000000 0.622480 0.000000 0.000000 0.000000 0.000000 0.000000 0.000000 -2.153101 0.000000 0.000000 0.000000
134 1.013480 0.000000 0.000000 0.621115 0.000000 0.000000 0.000000 0.000000 0.000000 0.000000 -2.091062 0.000000 0.000000 0.000000
135 1.014802 0.000000 0.000000 0.619792 0.000000 0.000000 0.000000 0.000000 0.000000 0.000000 -2.028982 0.000000 0.000000 0.000000
136 1.016114 0.000000 0.000000 0.618511 0.000000 0.000000 0.000000 0.000000 0.000000 0.000000 -1.966865 0.000000 0.000000 0.000000
137 1.017417 0.000000 0.000000 0.617271 0.000000 0.000000 0.000000 0.000000 0.000000 0.000000 -1.904715 0.000000 0.000000 0.000000
138 1.018711 0.000000 0.000000 0.616068 0.000000 0.000000 0.000000 0.000000 0.000000 0.000000 -1.842536 0.000000 0.000000 0.000000
139 1.019997 0.000000 0.000000 0.614902 0.000000 0.000000 0.000000 0.000000 0.000000 0.000000 -1.780330 0.000000 0.000000 0.000000
140 1.021274 0.000000 0.000000 0.613769 0.000000 0.000000 0.000000 0.000000 0.000000 0.000000 -1.718101 0.000000 0.000000 0.000000
141 1.022543 0.000000 0.000000 0.612668 0.000000 0.000000 0.000000 0.000000 0.000000 0.000000 -1.655852 0.000000 0.000000 0.000000
142 1.023804 0.000000 0.000000 0.611597 0.000000 0.000000 0.000000 0.000000 0.000000 0.000000 -1.593585 0.000000 0.000000 0.000000
143 1.025058 0.000000 0.000000 0.610552 0.000000 0.000000 0.000000 0.000000 0.000000 0.000000 -1.531301 0.000000 0.000000 0.000000
144 1.026304 0.000000 0.000000 0.609531 0.000000 0.000000 0.000000 0.000000 0.000000 0.000000 -1.469003 0.000000 0.000000 0.000000
145 1.027542 0.000000 0.000000 0.608532 0.000000 0.000000 0.000000 0.000000 0.000000 0.000000 -1.406692 0.000000 0.000000 0.000000
146 1.028773 0.000000 0.000000 0.607553 0.000000 0.000000 0.000000 0.000000 0.000000 0.000000 -1.344369 0.000000 0.000000 0.000000
147 1.029997 0.000000 0.000000 0.606591 0.000000 0.000000 0.000000 0.000000 0.000000 0.000000 -1.282034 0.000000 0.000000 0.000000
148 1.031214 0.000000 0.000000 0.605645 0.000000 0.000000 0.000000 0.000000 0.000000 0.000000 -1.219689 0.000000 0.000000 0.000000
149 1.032424 0.000000 0.000000 0.604712 0.000000 0.000000 0.000000 0.000000 0.000000 0.000000 -1.157332 0.000000 0.000000 0.000000
150 1.033628 0.000000 0.000000 0.603790 0.000000 0.000000 0.000000 0.000000 0.000000 0.000000 -1.094964 0.000000 0.000000 0.000000
151 1.034826 0.000000 0.000000 0.602879 0.000000 0.000000 0.000000 0.000000 0.000000 0.000000 -1.032585 0.000000 0.000000 0.000000
152 1.036017 0.000000 0.000000 0.601978 0.000000 0.000000 0.000000 0.000000 0.000000 0.000000 -0.970194 0.000000 0.000000 0.000000
153 1.037202 0.000000 0.000000 0.601085 0.000000 0.000000 0.000000 0.000000 0.000000 0.000000 -0.907791 0.000000 0.000000 0.000000
154 1.038382 0.000000 0.000000 0.600200 0.000000 0.000000 0.000000 0.000000 0.000000 0.000000 -0.845374 0.000000 0.000000 0.000000
155 1.039555 0.000000 0.000000 0.599322 0.000000 0.000000 0.000000 0.000000 0.000000 0.000000 -0.782942 0.000000 0.000000 0.000000
156 1.040723 0.000000 0.000000 0.598452 0.000000 0.000000 0.000000 0.000000 0.000000 0.000000 -0.720496 0.000000 0.000000 0.000000
157 1.041885 0.000000 0.000000 0.597590 0.000000 0.000000 0.000000 0.000000 0.000000 0.000000 -0.658034 0.000000 0.000000 0.000000
158 1.043043 0.000000 0.000000 0.596735 0.000000 0.000000 0.000000 0.000000 0.000000 0.000000 -0.595555 0.000000 0.000000 0.000000
159 1.044195 0.000000 0.000000 0.595889 0.000000 0.000000 0.000000 0.000000 0.000000 0.000000 -0.533058 0.000000 0.000000 0.000000
160 1.045341 0.000000 0.000000 0.595052 0.000000 0.000000 0.000000 0.000000 0.000000 0.000000 -0.470544 0.000000 0.000000 0.000000
161 1.046483 0.000000 0.000000 0.594226 0.000000 0.000000 0.000000 0.000000 0.000000 0.000000 -0.408010 0.000000 0.000000 0.000000
162 1.047621 0.000000 0.000000 0.593412 0.000000 0.000000 0.000000 0.000000 0.000000 0.000000 -0.345458 0.000000 0.000000 0.000000
163 1.048753 0.000000 0.000000 0.592610 0.000000 0.000000 0.000000 0.000000 0.000000 0.000000 -0.282887 0.000000 0.000000 0.000000
164 1.049881 0.000000 0.000000 0.591822 0.000000 0.000000 0.000000 0.000000 0.000000 0.000000 -0.220298 0.000000 0.000000 0.000000
165 1.051004 0.000000 0.000000 0.591050 0.000000 0.000000 0.000000 0.000000 0.000000 0.000000 -0.157689 0.000000 0.000000 0.000000
166 1.052124 0.000000 0.000000 0.590294 0.000000 0.000000 0.000000 0.000000 0.000000 0.000000 -0.095062 0.000000 0.000000 0.000000
167 1.053238 0.000000 0.000000 0.589557 0.000000 0.000000 0.000000 0.000000 0.000000 0.000000 -0.032418 0.000000 0.000000 0.000000
168 1.054349 0.000000 0.000000 0.588839 0.000000 0.000000 0.000000 0.000000 0.000000 0.000000 0.030242 0.000000 0.000000 0.000000
169 1.055456 0.000000 0.000000 0.588142 0.000000 0.000000 0.000000 0.000000 0.000000 0.000000 0.092918 0.000000 0.000000 0.000000
170 1.056559 0.000000 0.000000 0.587467 0.000000 0.000000 0.000000 0.000000 0.000000 0.000000 0.155609 0.000000 0.000000 0.000000
171 1.057658 0.000000 0.000000 0.586815 0.000000 0.000000 0.000000 0.000000 0.000000 0.000000 0.218312 0.000000 0.000000 0.000000
172 1.058753 0.000000 0.000000 0.586187 0.000000 0.000000 0.000000 0.000000 0.000000 0.000000 0.281026 0.000000 0.000000 0.000000
173 1.059845 0.000000 0.000000 0.585584 0.000000 0.000000 0.000000 0.000000 0.000000 0.000000 0.343749 0.000000 0.000000 0.000000
174 1.060933 0.000000 0.000000 0.585005 0.000000 0.000000 0.000000 0.000000 0.000000 0.000000 0.406481 0.000000 0.000000 0.000000
175 1.062018 0.000000 0.000000 0.584451 0.000000 0.000000 0.000000 0.000000 0.000000 0.000000 0.469218 0.000000 0.000000 0.000000
176 1.063099 0.000000 0.000000 0.583922 0.000000 0.000000 0.000000 0.000000 0.000000 0.000000 0.531960 0.000000 0.000000 0.000000
177 1.064177 0.000000 0.000000 0.583418 0.000000 0.000000 0.000000 0.000000 0.000000 0.000000 0.594705 0.000000 0.000000 0.000000
178 1.065252 0.000000 0.000000 0.582938 0.000000 0.000000 0.000000 0.000000 0.000000 0.000000 0.657449 0.000000 0.000000 0.000000
179 1.066324 0.000000 0.000000 0.582482 0.000000 0.000000 0.000000 0.000000 0.000000 0.000000 0.720193 0.000000 0.000000 0.000000
180 1.067393 0.000000 0.000000 0.582049 0.000000 0.000000 0.000000 0.000000 0.000000 0.000000 0.782935 0.000000 0.000000 0.000000
181 1.068459 0.000000 0.000000 0.581637 0.000000 0.000000 0.000000 0.000000 0.000000 0.000000 0.845672 0.000000 0.000000 0.000000
182 1.069522 0.000000 0.000000 0.581246 0.000000 0.000000 0.000000 0.000000 0.000000 0.000000 0.908404 0.000000 0.000000 0.000000
183 1.070583 0.000000 0.000000 0.580874 0.000000 0.000000 0.000000 0.000000 0.000000 0.000000 0.971129 0.000000 0.000000 0.000000
184 1.071640 0.000000 0.000000 0.580519 0.000000 0.000000 0.000000 0.000000 0.000000 0.000000 1.033846 0.000000 0.000000 0.000000
185 1.072695 0.000000 0.000000 0.580181 0.000000 0.000000 0.000000 0.000000 0.000000 0.000000 1.096555 0.000000 0.000000 0.000000
186 1.073748 0.000000 0.000000 0.579857 0.000000 0.000000 0.000000 0.000000 0.000000 0.000000 1.159255 0.000000 0.000000 0.000000
187 1.074798 0.000000 0.000000 0.579546 0.000000 0.000000 0.000000 0.000000 0.000000 0.000000 1.221946 0.000000 0.000000 0.000000
188 1.075846 0.000000 0.000000 0.579246 0.000000 0.000000 0.000000 0.000000 0.000000 0.000000 1.284626 0.000000 0.000000 0.000000
189 1.076892 0.000000 0.000000 0.578955 0.000000 0.000000 0.000000 0.000000 0.000000 0.000000 1.347297 0.000000 0.000000 0.000000
190 1.077935 0.000000 0.000000 0.578673 0.000000 0.000000 0.000000 0.000000 0.000000 0.000000 1.409959 0.000000 0.000000 0.000000
191 1.078976 0.000000 0.000000 0.578398 0.000000 0.000000 0.000000 0.000000 0.000000 0.000000 1.472611 0.000000 0.000000 0.000000
192 1.080015 0.000000 0.000000 0.578127 0.000000 0.000000 0.000000 0.000000 0.000000 0.000000 1.535255 0.000000 0.000000 0.000000
193 1.081053 0.000000 0.000000 0.577861 0.000000 0.000000 0.000000 0.000000 0.000000 0.000000 1.597890 0.000000 0.000000 0.000000
194 1.082088 0.000000 0.000000 0.577598 0.000000 0.000000 0.000000 0.000000 0.000000 0.000000 1.660519 0.000000 0.000000 0.000000
195 1.083121 0.000000 0.000000 0.577338 0.000000 0.000000 0.000000 0.000000 0.000000 0.000000 1.723141 0.000000 0.000000 0.000000
196 1.084153 0.000000 0.000000 0.577078 0.000000 0.000000 0.000000 0.000000 0.000000 0.000000 1.785759 0.000000 0.000000 0.000000
197 1.085183 0.000000 0.000000 0.576820 0.000000 0.000000 0.000000 0.000000 0.000000 0.000000 1.848372 0.000000 0.000000 0.000000
198 1.086211 0.000000 0.000000 0.576562 0.000000 0.000000 0.000000 0.000000 0.000000 0.000000 1.910983 0.000000 0.000000 0.000000
199 1.087238 0.000000 0.000000 0.576305 0.000000 0.000000 0.000000 0.000000 0.000000 0.000000 1.973592 0.000000 0.000000 0.000000
200 1.088263 0.000000 0.000000 0.576049 0.000000 0.000000 0.000000 0.000000 0.000000 0.000000 2.036201 0.000000 0.000000 0.000000
201 1.089286 0.000000 0.000000 0.575793 0.000000 0.000000 0.000000 0.000000 0.000000 0.000000 2.098811 0.000000 0.000000 0.000000
202 1.090309 0.000000 0.000000 0.575539 0.000000 0.000000 0.000000 0.000000 0.000000 0.000000 2.161422 0.000000 0.000000 0.000000
203 1.091330 0.000000 0.000000 0.575286 0.000000 0.000000 0.000000 0.000000 0.000000 0.000000 2.224037 0.000000 0.000000 0.000000
204 1.092350 0.000000 0.000000 0.575037 0.000000 0.000000 0.000000 0.000000 0.000000 0.000000 2.286656 0.000000 0.000000 0.000000
205 1.093368 0.000000 0.000000 0.574790 0.000000 0.000000 0.000000 0.000000 0.000000 0.000000 2.349280 0.000000 0.000000 0.000000
206 1.094386 0.000000 0.000000 0.574549 0.000000 0.000000 0.000000 0.000000 0.000000 0.000000 2.411909 0.000000 0.000000 0.000000
207 1.095402 0.000000 0.000000 0.574314 0.000000 0.000000 0.000000 0.000000 0.000000 0.000000 2.474545 0.000000 0.000000 0.000000
208 1.096418 0.000000 0.000000 0.574085 0.000000 0.000000 0.000000 0.000000 0.000000 0.000000 2.537187 0.000000 0.000000 0.000000
209 1.097432 0.000000 0.000000 0.573865 0.000000 0.000000 0.000000 0.000000 0.000000 0.000000 2.599836 0.000000 0.000000 0.000000
210 1.098446 0.000000 0.000000 0.573656 0.000000 0.000000 0.000000 0.000000 0.000000 0.000000 2.662492 0.000000 0.000000 0.000000
211 1.099459 0.000000 0.000000 0.573457 0.000000 0.000000 0.000000 0.000000 0.000000 0.000000 2.725154 0.000000 0.000000 0.000000
212 1.100471 0.000000 0.000000 0.573271 0.000000 0.000000 0.000000 0.000000 0.000000 0.000000 2.787822 0.000000 0.000000 0.000000
213 1.101482 0.000000 0.000000 0.573100 0.000000 0.000000 0.000000 0.000000 0.000000 0.000000 2.850496 0.000000 0.000000 0.000000
214 1.102493 0.000000 0.000000 0.572944 0.000000 0.000000 0.000000 0.000000 0.000000 0.000000 2.913175 0.000000 0.000000 0.000000
215 1.103503 0.000000 0.000000 0.572804 0.000000 0.000000 0.000000 0.000000 0.000000 0.000000 2.975859 0.000000 0.000000 0.000000
216 1.104513 0.000000 0.000000 0.572682 0.000000 0.000000 0.000000 0.000000 0.000000 0.000000 3.038545 0.000000 0.000000 0.000000
217 1.105522 0.000000 0.000000 0.572578 0.000000 0.000000 0.000000 0.000000 0.000000 0.000000 3.101233 0.000000 0.000000 0.000000
218 1.106531 0.000000 0.000000 0.572494 0.000000 0.000000 0.000000 0.000000 0.000000 0.000000 -3.119263 0.000000 0.000000 0.000000
219 1.107540 0.000000 0.000000 0.572430 0.000000 0.000000 0.000000 0.000000 0.000000 0.000000 -3.056575 0.000000 0.000000 0.000000
220 1.108548 0.000000 0.000000 0.572386 0.000000 0.000000 0.000000 0.000000 0.000000 0.000000 -2.993889 0.000000 0.000000 0.000000
221 1.109556 0.000000 0.000000 0.572363 0.000000 0.000000 0.000000 0.000000 0.000000 0.000000 -2.931206 0.000000 0.000000 0.000000
222 1.110564 0.000000 0.000000 0.572360 0.000000 0.000000 0.000000 0.000000 0.000000 0.000000 -2.868529 0.000000 0.000000 0.000000
223 1.111572 0.000000 0.000000 0.572377 0.000000 0.000000 0.000000 0.000000 0.000000 0.000000 -2.805857 0.000000 0.000000 0.000000
224 1.112579 0.000000 0.000000 0.572414 0.000000 0.000000 0.000000 0.000000 0.000000 0.000000 -2.743194 0.000000 0.000000 0.000000
225 1.113587 0.000000 0.000000 0.572471 0.000000 0.000000 0.000000 0.000000 0.000000 0.000000 -2.680540 0.000000 0.000000 0.000000
226 1.114595 0.000000 0.000000 0.572546 0.000000 0.000000 0.000000 0.000000 0.000000 0.000000 -2.617897 0.000000 0.000000 0.000000
227 1.115602 0.000000 0.000000 0.572639 0.000000 0.000000 0.000000 0.000000 0.000000 0.000000 -2.555265 0.000000 0.000000 0.000000
228 1.116611 0.000000 0.000000 0.572748 0.000000 0.000000 0.000000 0.000000 0.000000 0.000000 -2.492646 0.000000 0.000000 0.000000
229 1.117619 0.000000 0.000000 0.572873 0.000000 0.000000 0.000000 0.000000 0.000000 0.000000 -2.430041 0.000000 0.000000 0.000000
230 1.118627 0.000000 0.000000 0.573012 0.000000 0.000000 0.000000 0.000000 0.000000 0.000000 -2.367451 0.000000 0.000000 0.000000
231 1.119636 0.000000 0.000000 0.573164 0.000000 0.000000 0.000000 0.000000 0.000000 0.000000 -2.304875 0.000000 0.000000 0.000000
232 1.120645 0.000000 0.000000 0.573328 0.000000 0.000000 0.000000 0.000000 0.000000 0.000000 -2.242315 0.000000 0.000000 0.000000
233 1.121655 0.000000 0.000000 0.573501 0.000000 0.000000 0.000000 0.000000 0.000000 0.000000 -2.179770 0.000000 0.000000 0.000000
234 1.122665 0.000000 0.000000 0.573684 0.000000 0.000000 0.000000 0.000000 0.000000 0.000000 -2.117242 0.000000 0.000000 0.000000
235 1.123676 0.000000 0.000000 0.573874 0.000000 0.000000 0.000000 0.000000 0.000000 0.000000 -2.054729 0.000000 0.000000 0.000000
236 1.124687 0.000000 0.000000 0.574070 0.000000 0.000000 0.000000 0.000000 0.000000 0.000000 -1.992231 0.000000 0.000000 0.000000
237 1.125700 0.000000 0.000000 0.574271 0.000000 0.000000 0.000000 0.000000 0.000000 0.000000 -1.929748 0.000000 0.000000 0.000000
238 1.126712 0.000000 0.000000 0.574476 0.000000 0.000000 0.000000 0.000000 0.000000 0.000000 -1.867280 0.000000 0.000000 0.000000
239 1.127726 0.000000 0.000000 0.574684 0.000000 0.000000 0.000000 0.000000 0.000000 0.000000 -1.804825 0.000000 0.000000 0.000000
240 1.128741 0.000000 0.000000 0.574894 0.000000 0.000000 0.000000 0.000000 0.000000 0.000000 -1.742383 0.000000 0.000000 0.000000
241 1.129756 0.000000 0.000000 0.575105 0.000000 0.000000 0.000000 0.000000 0.000000 0.000000 -1.679952 0.000000 0.000000 0.000000
242 1.130773 0.000000 0.000000 0.575316 0.000000 0.000000 0.000000 0.000000 0.000000 0.000000 -1.617532 0.000000 0.000000 0.000000
243 1.131790 0.000000 0.000000 0.575529 0.000000 0.000000 0.000000 0.000000 0.000000 0.000000 -1.555122 0.000000 0.000000 0.000000
244 1.132809 0.000000 0.000000 0.575741 0.000000 0.000000 0.000000 0.000000 0.000000 0.000000 -1.492720 0.000000 0.000000 0.000000
245 1.133829 0.000000 0.000000 0.575954 0.000000 0.000000 0.000000 0.000000 0.000000 0.000000 -1.430325 0.000000 0.000000 0.000000
246 1.134850 0.000000 0.000000 0.576168 0.000000 0.000000 0.000000 0.000000 0.000000 0.000000 -1.367937 0.000000 0.000000 0.000000
247 1.135872 0.000000 0.000000 0.576382 0.000000 0.000000 0.000000 0.000000 0.000000 0.000000 -1.305553 0.000000 0.000000 0.000000
248 1.136896 0.000000 0.000000 0.576598 0.000000 0.000000 0.000000 0.000000 0.000000 0.000000 -1.243173 0.000000 0.000000 0.000000
249 1.137921 0.000000 0.000000 0.576816 0.000000 0.000000 0.000000 0.000000 0.000000 0.000000 -1.180796 0.000000 0.000000 0.000000
250 1.138948 0.000000 0.000000 0.577037 0.000000 0.000000 0.000000 0.000000 0.000000 0.000000 -1.118422 0.000000 0.000000 0.000000
251 1.139976 0.000000 0.000000 0.577263 0.000000 0.000000 0.000000 0.000000 0.000000 0.000000 -1.056048 0.000000 0.000000 0.000000
252 1.141006 0.000000 0.000000 0.577494 0.000000 0.000000 0.000000 0.000000 0.000000 0.000000 -0.993676 0.000000 0.000000 0.000000
253 1.142038 0.000000 0.000000 0.577732 0.000000 0.000000 0.000000 0.000000 0.000000 0.000000 -0.931303 0.000000 0.000000 0.000000
254 1.143071 0.000000 0.000000 0.577979 0.000000 0.000000 0.000000 0.000000 0.000000 0.000000 -0.868931 0.000000 0.000000 0.000000
255 1.144106 0.000000 0.000000 0.578236 0.000000 0.000000 0.000000 0.000000 0.000000 0.000000 -0.806559 0.000000 0.000000 0.000000
256 1.145144 0.000000 0.000000 0.578504 0.000000 0.000000 0.000000 0.000000 0.000000 0.000000 -0.744187 0.000000 0.000000 0.000000
257 1.146183 0.000000 0.000000 0.578786 0.000000 0.000000 0.000000 0.000000 0.000000 0.000000 -0.681816 0.000000 0.000000 0.000000
258 1.147224 0.000000 0.000000 0.579082 0.000000 0.000000 0.000000 0.000000 0.000000 0.000000 -0.619446 0.000000 0.000000 0.000000
259 1.148267 0.000000 0.000000 0.579394 0.000000 0.000000 0.000000 0.000000 0.000000 0.000000 -0.557079 0.000000 0.000000 0.000000
260 1.149313 0.000000 0.000000 0.579725 0.000000 0.000000 0.000000 0.000000 0.000000 0.000000 -0.494714 0.000000 0.000000 0.000000
261 1.150361 0.000000 0.000000 0.580074 0.000000 0.000000 0.000000 0.000000 0.000000 0.000000 -0.432353 0.000000 0.000000 0.000000
262 1.151411 0.000000 0.000000 0.580443 0.000000 0.000000 0.000000 0.000000 0.000000 0.000000 -0.369997 0.000000 0.000000 0.000000
263 1.152463 0.000000 0.000000 0.580834 0.000000 0.000000 0.000000 0.000000 0.000000 0.000000 -0.307648 0.000000 0.000000 0.000000
264 1.153519 0.000000 0.000000 0.581247 0.000000 0.000000 0.000000 0.000000 0.000000 0.000000 -0.245307 0.000000 0.000000 0.000000
265 1.154576 0.000000 0.000000 0.581683 0.000000 0.000000 0.000000 0.000000 0.000000 0.000000 -0.182977 0.000000 0.000000 0.000000
266 1.155636 0.000000 0.000000 0.582143 0.000000 0.000000 0.000000 0.000000 0.000000 0.000000 -0.120658 0.000000 0.000000 0.000000
267 1.156699 0.000000 0.000000 0.582626 0.000000 0.000000 0.000000 0.000000 0.000000 0.000000 -0.058352 0.000000 0.000000 0.000000
268 1.157765 0.000000 0.000000 0.583133 0.000000 0.000000 0.000000 0.000000 0.000000 0.000000 0.003938 0.000000 0.000000 0.000000
269 1.158834 0.000000 0.000000 0.583663 0.000000 0.000000 0.000000 0.000000 0.000000 0.000000 0.066211 0.000000 0.000000 0.000000
270 1.159906 0.000000 0.000000 0.584217 0.000000 0.000000 0.000000 0.000000 0.000000 0.000000 0.128466 0.000000 0.000000 0.000000
271 1.160980 0.000000 0.000000 0.584793 0.000000 0.000000 0.000000 0.000000 0.000000 0.000000 0.190700 0.000000 0.000000 0.000000
272 1.162058 0.000000 0.000000 0.585392 0.000000 0.000000 0.000000 0.000000 0.000000 0.000000 0.252912 0.000000 0.000000 0.000000
273 1.163139 0.000000 0.000000 0.586012 0.000000 0.000000 0.000000 0.000000 0.000000 0.000000 0.315100 0.000000 0.000000 0.000000
274 1.164223 0.000000 0.000000 0.586651 0.000000 0.000000 0.000000 0.000000 0.000000 0.000000 0.377263 0.000000 0.000000 0.000000
275 1.165311 0.000000 0.000000 0.587310 0.000000 0.000000 0.000000 0.000000 0.000000 0.000000 0.439401 0.000000 0.000000 0.000000
276 1.166402 0.000000 0.000000 0.587987 0.000000 0.000000 0.000000 0.000000 0.000000 0.000000 0.501511 0.000000 0.000000 0.000000
277 1.167497 0.000000 0.000000 0.588680 0.000000 0.000000 0.000000 0.000000 0.000000 0.000000 0.563593 0.000000 0.000000 0.000000
278 1.168595 0.000000 0.000000 0.589388 0.000000 0.000000 0.000000 0.000000 0.000000 0.000000 0.625646 0.000000 0.000000 0.000000
279 1.169697 0.000000 0.000000 0.590110 0.000000 0.000000 0.000000 0.000000 0.000000 0.000000 0.687670 0.000000 0.000000 0.000000
280 1.170803 0.000000 0.000000 0.590844 0.000000 0.000000 0.000000 0.000000 0.000000 0.000000 0.749665 0.000000 0.000000 0.000000
281 1.171913 0.000000 0.000000 0.591589 0.000000 0.000000 0.000000 0.000000 0.000000 0.000000 0.811630 0.000000 0.000000 0.000000
282 1.173027 0.000000 0.000000 0.592345 0.000000 0.000000 0.000000 0.000000 0.000000 0.000000 0.873566 0.000000 0.000000 0.000000
283 1.174146 0.000000 0.000000 0.593110 0.000000 0.000000 0.000000 0.000000 0.000000 0.000000 0.935472 0.000000 0.000000 0.000000
284 1.175268 0.000000 0.000000 0.593882 0.000000 0.000000 0.000000 0.000000 0.000000 0.000000 0.997349 0.000000 0.000000 0.000000
285 1.176395 0.000000 0.000000 0.594662 0.000000 0.000000 0.000000 0.000000 0.000000 0.000000 1.059198 0.000000 0.000000 0.000000
286 1.177526 0.000000 0.000000 0.595448 0.000000 0.000000 0.000000 0.000000 0.000000 0.000000 1.121020 0.000000 0.000000 0.000000
287 1.178663 0.000000 0.000000 0.596241 0.000000 0.000000 0.000000 0.000000 0.000000 0.000000 1.182814 0.000000 0.000000 0.000000
288 1.179803 0.000000 0.000000 0.597039 0.000000 0.000000 0.000000 0.000000 0.000000 0.000000 1.244581 0.000000 0.000000 0.000000
289 1.180949 0.000000 0.000000 0.597844 0.000000 0.000000 0.000000 0.000000 0.000000 0.000000 1.306324 0.000000 0.000000 0.000000
290 1.182100 0.000000 0.000000 0.598655 0.000000 0.000000 0.000000 0.000000 0.000000 0.000000 1.368041 0.000000 0.000000 0.000000
291 1.183255 0.000000 0.000000 0.599473 0.000000 0.000000 0.000000 0.000000 0.000000 0.000000 1.429734 0.000000 0.000000 0.000000
292 1.184416 0.000000 0.000000 0.600298 0.000000 0.000000 0.000000 0.000000 0.000000 0.000000 1.491403 0.000000 0.000000 0.000000
293 1.185583 0.000000 0.000000 0.601132 0.000000 0.000000 0.000000 0.000000 0.000000 0.000000 1.553049 0.000000 0.000000 0.000000
294 1.186755 0.000000 0.000000 0.601977 0.000000 0.000000 0.000000 0.000000 0.000000 0.000000 1.614672 0.000000 0.000000 0.000000
295 1.187932 0.000000 0.000000 0.602832 0.000000 0.000000 0.000000 0.000000 0.000000 0.000000 1.676272 0.000000 0.000000 0.000000
296 1.189116 0.000000 0.000000 0.603701 0.000000 0.000000 0.000000 0.000000 0.000000 0.000000 1.737849 0.000000 0.000000 0.000000
297 1.190305 0.000000 0.000000 0.604585 0.000000 0.000000 0.000000 0.000000 0.000000 0.000000 1.799403 0.000000 0.000000 0.000000
298 1.191500 0.000000 0.000000 0.605485 0.000000 0.000000 0.000000 0.000000 0.000000 0.000000 1.860934 0.000000 0.000000 0.000000
299 1.192702 0.000000 0.000000 0.606405 0.000000 0.000000 0.000000 0.000000 0.000000 0.000000 1.922439 0.000000 0.000000 0.000000
300 1.193910 0.000000 0.000000 0.607347 0.000000 0.000000 0.000000 0.000000 0.000000 0.000000 1.983919 0.000000 0.000000 0.000000
301 1.195125 0.000000 0.000000 0.608312 0.000000 0.000000 0.000000 0.000000 0.000000 0.000000 2.045371 0.000000 0.000000 0.000000
302 1.196346 0.000000 0.000000 0.609302 0.000000 0.000000 0.000000 0.000000 0.000000 0.000000 2.106795 0.000000 0.000000 0.000000
303 1.197574 0.000000 0.000000 0.610321 0.000000 0.000000 0.000000 0.000000 0.000000 0.000000 2.168187 0.000000 0.000000 0.000000
304 1.198810 0.000000 0.000000 0.611370 0.000000 0.000000 0.000000 0.000000 0.000000 0.000000 2.229546 0.000000 0.000000 0.000000
305 1.200052 0.000000 0.000000 0.612452 0.000000 0.000000 0.000000 0.000000 0.000000 0.000000 2.290869 0.000000 0.000000 0.000000
306 1.201302 0.000000 0.000000 0.613567 0.000000 0.000000 0.000000 0.000000 0.000000 0.000000 2.352152 0.000000 0.000000 0.000000
307 1.202560 0.000000 0.000000 0.614717 0.000000 0.000000 0.000000 0.000000 0.000000 0.000000 2.413393 0.000000 0.000000 0.000000
308 1.203825 0.000000 0.000000 0.615905 0.000000 0.000000 0.000000 0.000000 0.000000 0.000000 2.474589 0.000000 0.000000 0.000000
309 1.205098 0.000000 0.000000 0.617131 0.000000 0.000000 0.000000 0.000000 0.000000 0.000000 2.535734 0.000000 0.000000 0.000000
310 1.206380 0.000000 0.000000 0.618396 0.000000 0.000000 0.000000 0.000000 0.000000 0.000000 2.596827 0.000000 0.000000 0.000000
311 1.207670 0.000000 0.000000 0.619700 0.000000 0.000000 0.000000 0.000000 0.000000 0.000000 2.657863 0.000000 0.000000 0.000000
312 1.208968 0.000000 0.000000 0.621044 0.000000 0.000000 0.000000 0.000000 0.000000 0.000000 2.718837 0.000000 0.000000 0.000000
313 1.210275 0.000000 0.000000 0.622428 0.000000 0.000000 0.000000 0.000000 0.000000 0.000000 2.779747 0.000000 0.000000 0.000000
314 1.211591 0.000000 0.000000 0.623852 0.000000 0.000000 0.000000 0.000000 0.000000 0.000000 2.840587 0.000000 0.000000 0.000000
315 1.212917 0.000000 0.000000 0.625315 0.000000 0.000000 0.000000 0.000000 0.000000 0.000000 2.901353 0.000000 0.000000 0.000000
316 1.214251 0.000000 0.000000 0.626817 0.000000 0.000000 0.000000 0.000000 0.000000 0.000000 2.962043 0.000000 0.000000 0.000000
317 1.215596 0.000000 0.000000 0.628357 0.000000 0.000000 0.000000 0.000000 0.000000 0.000000 3.022651 0.000000 0.000000 0.000000
318 1.216950 0.000000 0.000000 0.629934 0.000000 0.000000 0.000000 0.000000 0.000000 0.000000 3.083174 0.000000 0.000000 0.000000
319 1.218315 0.000000 0.000000 0.631546 0.000000 0.000000 0.000000 0.000000 0.000000 0.000000 -3.139576 0.000000 0.000000 0.000000
320 1.219690 0.000000 0.000000 0.633193 0.000000 0.000000 0.000000 0.000000 0.000000 0.000000 -3.079233 0.000000 0.000000 0.000000
321 1.221076 0.000000 0.000000 0.634874 0.000000 0.000000 0.000000 0.000000 0.000000 0.000000 -3.018985 0.000000 0.000000 0.000000
322 1.222473 0.000000 0.000000 0.636586 0.000000 0.000000 0.000000 0.000000 0.000000 0.000000 -2.958835 0.000000 0.000000 0.000000
323 1.223881 0.000000 0.000000 0.638330 0.000000 0.000000 0.000000 0.000000 0.000000 0.000000 -2.898786 0.000000 0.000000 0.000000
324 1.225301 0.000000 0.000000 0.640103 0.000000 0.000000 0.000000 0.000000 0.000000 0.000000 -2.838841 0.000000 0.000000 0.000000
325 1.226733 0.000000 0.000000 0.641906 0.000000 0.000000 0.000000 0.000000 0.000000 0.000000 -2.779003 0.000000 0.000000 0.000000
326 1.228177 0.000000 0.000000 0.643737 0.000000 0.000000 0.000000 0.000000 0.000000 0.000000 -2.719273 0.000000 0.000000 0.000000
327 1.229633 0.000000 0.000000 0.645596 0.000000 0.000000 0.000000 0.000000 0.000000 0.000000 -2.659655 0.000000 0.000000 0.000000
328 1.231103 0.000000 0.000000 0.647484 0.000000 0.000000 0.000000 0.000000 0.000000 0.000000 -2.600152 0.000000 0.000000 0.000000
329 1.232586 0.000000 0.000000 0.649399 0.000000 0.000000 0.000000 0.000000 0.000000 0.000000 -2.540766 0.000000 0.000000 0.000000
330 1.234083 0.000000 0.000000 0.651343 0.000000 0.000000 0.000000 0.000000 0.000000 0.000000 -2.481500 0.000000 0.000000 0.000000
331 1.235594 0.000000 0.000000 0.653318 0.000000 0.000000 0.000000 0.000000 0.000000 0.000000 -2.422358 0.000000 0.000000 0.000000
332 1.237119 0.000000 0.000000 0.655324 0.000000 0.000000 0.000000 0.000000 0.000000 0.000000 -2.363342 0.000000 0.000000 0.000000
333 1.238660 0.000000 0.000000 0.657363 0.000000 0.000000 0.000000 0.000000 0.000000 0.000000 -2.304457 0.000000 0.000000 0.000000
334 1.240216 0.000000 0.000000 0.659438 0.000000 0.000000 0.000000 0.000000 0.000000 0.000000 -2.245707 0.000000 0.000000 0.000000
335 1.241787 0.000000 0.000000 0.661552 0.000000 0.000000 0.000000 0.000000 0.000000 0.000000 -2.187097 0.000000 0.000000 0.000000
336 1.243375 0.000000 0.000000 0.663707 0.000000 0.000000 0.000000 0.000000 0.000000 0.000000 -2.128633 0.000000 0.000000 0.000000
337 1.244980 0.000000 0.000000 0.665908 0.000000 0.000000 0.000000 0.000000 0.000000 0.000000 -2.070319 0.000000 0.000000 0.000000
338 1.246602 0.000000 0.000000 0.668157 0.000000 0.000000 0.000000 0.000000 0.000000 0.000000 -2.012164 0.000000 0.000000 0.000000
339 1.248241 0.000000 0.000000 0.670460 0.000000 0.000000 0.000000 0.000000 0.000000 0.000000 -1.954173 0.000000 0.000000 0.000000
340 1.249899 0.000000 0.000000 0.672821 0.000000 0.000000 0.000000 0.000000 0.000000 0.000000 -1.896357 0.000000 0.000000 0.000000
341 1.251576 0.000000 0.000000 0.675243 0.000000 0.000000 0.000000 0.000000 0.000000 0.000000 -1.838723 0.000000 0.000000 0.000000
342 1.253272 0.000000 0.000000 0.677731 0.000000 0.000000 0.000000 0.000000 0.000000 0.000000 -1.781282 0.000000 0.000000 0.000000
343 1.254987 0.000000 0.000000 0.680289 0.000000 0.000000 0.000000 0.000000 0.000000 0.000000 -1.724045 0.000000 0.000000 0.000000
344 1.256724 0.000000 0.000000 0.682921 0.000000 0.000000 0.000000 0.000000 0.000000 0.000000 -1.667025 0.000000 0.000000 0.000000
345 1.258481 0.000000 0.000000 0.685632 0.000000 0.000000 0.000000 0.000000 0.000000 0.000000 -1.610233 0.000000 0.000000 0.000000
346 1.260260 0.000000 0.000000 0.688424 0.000000 0.000000 0.000000 0.000000 0.000000 0.000000 -1.553685 0.000000 0.000000 0.000000
347 1.262062 0.000000 0.000000 0.691301 0.000000 0.000000 0.000000 0.000000 0.000000 0.000000 -1.497394 0.000000 0.000000 0.000000
348 1.263886 0.000000 0.000000 0.694266 0.000000 0.000000 0.000000 0.000000 0.000000 0.000000 -1.441375 0.000000 0.000000 0.000000
349 1.265735 0.000000 0.000000 0.697321 0.000000 0.000000 0.000000 0.000000 0.000000 0.000000 -1.385646 0.000000 0.000000 0.000000
350 1.267607 0.000000 0.000000 0.700467 0.000000 0.000000 0.000000 0.000000 0.000000 0.000000 -1.330221 0.000000 0.000000 0.000000
351 1.269505 0.000000 0.000000 0.703707 0.000000 0.000000 0.000000 0.000000 0.000000 0.000000 -1.275118 0.000000 0.000000 0.000000
352 1.271429 0.000000 0.000000 0.707041 0.000000 0.000000 0.000000 0.000000 0.000000 0.000000 -1.220352 0.000000 0.000000 0.000000
353 1.273379 0.000000 0.000000 0.710471 0.000000 0.000000 0.000000 0.000000 0.000000 0.000000 -1.165940 0.000000 0.000000 0.000000
354 1.275357 0.000000 0.000000 0.713995 0.000000 0.000000 0.000000 0.000000 0.000000 0.000000 -1.111898 0.000000 0.000000 0.000000
355 1.277364 0.000000 0.000000 0.717615 0.000000 0.000000 0.000000 0.000000 0.000000 0.000000 -1.058243 0.000000 0.000000 0.000000
356 1.279401 0.000000 0.000000 0.721329 0.000000 0.000000 0.000000 0.000000 0.000000 0.000000 -1.004991 0.000000 0.000000 0.000000
357 1.281469 0.000000 0.000000 0.725138 0.000000 0.000000 0.000000 0.000000 0.000000 0.000000 -0.952158 0.000000 0.000000 0.000000
358 1.283568 0.000000 0.000000 0.729040 0.000000 0.000000 0.000000 0.000000 0.000000 0.000000 -0.899761 0.000000 0.000000 0.000000
359 1.285701 0.000000 0.000000 0.733035 0.000000 0.000000 0.000000 0.000000 0.000000 0.000000 -0.847815 0.000000 0.000000 0.000000
360 1.287868 0.000000 0.000000 0.737123 0.000000 0.000000 0.000000 0.000000 0.000000 0.000000 -0.796339 0.000000 0.000000 0.000000
361 1.290071 0.000000 0.000000 0.741303 0.000000 0.000000 0.000000 0.000000 0.000000 0.000000 -0.745347 0.000000 0.000000 0.000000
362 1.292312 0.000000 0.000000 0.745576 0.000000 0.000000 0.000000 0.000000 0.000000 0.000000 -0.694858 0.000000 0.000000 0.000000
363 1.294591 0.000000 0.000000 0.749942 0.000000 0.000000 0.000000 0.000000 0.000000 0.000000 -0.644888 0.000000 0.000000 0.000000
364 1.296911 0.000000 0.000000 0.754403 0.000000 0.000000 0.000000 0.000000 0.000000 0.000000 -0.595454 0.000000 0.000000 0.000000
365 1.299274 0.000000 0.000000 0.758960 0.000000 0.000000 0.000000 0.000000 0.000000 0.000000 -0.546572 0.000000 0.000000 0.000000
366 1.301681 0.000000 0.000000 0.763617 0.000000 0.000000 0.000000 0.000000 0.000000 0.000000 -0.498262 0.000000 0.000000 0.000000
367 1.304134 0.000000 0.000000 0.768378 0.000000 0.000000 0.000000 0.000000 0.000000 0.000000 -0.450541 0.000000 0.000000 0.000000
368 1.306636 0.000000 0.000000 0.773247 0.000000 0.000000 0.000000 0.000000 0.000000 0.000000 -0.403429 0.000000 0.000000 0.000000
369 1.309189 0.000000 0.000000 0.778229 0.000000 0.000000 0.000000 0.000000 0.000000 0.000000 -0.356951 0.000000 0.000000 0.000000
370 1.311795 0.000000 0.000000 0.783329 0.000000 0.000000 0.000000 0.000000 0.000000 0.000000 -0.311132 0.000000 0.000000 0.000000
371 1.314457 0.000000 0.000000 0.788553 0.000000 0.000000 0.000000 0.000000 0.000000 0.000000 -0.266002 0.000000 0.000000 0.000000
372 1.317176 0.000000 0.000000 0.793906 0.000000 0.000000 0.000000 0.000000 0.000000 0.000000 -0.221595 0.000000 0.000000 0.000000
373 1.319956 0.000000 0.000000 0.799393 0.000000 0.000000 0.000000 0.000000 0.000000 0.000000 -0.177948 0.000000 0.000000 0.000000
374 1.322799 0.000000 0.000000 0.805019 0.000000 0.000000 0.000000 0.000000 0.000000 0.000000 -0.135102 0.000000 0.000000 0.000000
375 1.325707 0.000000 0.000000 0.810787 0.000000 0.000000 0.000000 0.000000 0.000000 0.000000 -0.093098 0.000000 0.000000 0.000000
376 1.328682 0.000000 0.000000 0.816701 0.000000 0.000000 0.000000 0.000000 0.000000 0.000000 -0.051981 0.000000 0.000000 0.000000
377 1.331729 0.000000 0.000000 0.822762 0.000000 0.000000 0.000000 0.000000 0.000000 0.000000 -0.011794 0.000000 0.000000 0.000000
378 1.334848 0.000000 0.000000 0.828970 0.000000 0.000000 0.000000 0.000000 0.000000 0.000000 0.027416 0.000000 0.000000 0.000000
379 1.338044 0.000000 0.000000 0.835322 0.000000 0.000000 0.000000 0.000000 0.000000 0.000000 0.065601 0.000000 0.000000 0.000000
380 1.341319 0.000000 0.000000 0.841812 0.000000 0.000000 0.000000 0.000000 0.000000 0.000000 0.102708 0.000000 0.000000 0.000000
381 1.344675 0.000000 0.000000 0.848431 0.000000 0.000000 0.000000 0.000000 0.000000 0.000000 0.138683 0.000000 0.000000 0.000000
382 1.348114 0.000000 0.000000 0.855165 0.000000 0.000000 0.000000 0.000000 0.000000 0.000000 0.173466 0.000000 0.000000 0.000000
383 1.351638 0.000000 0.000000 0.861998 0.000000 0.000000 0.000000 0.000000 0.000000 0.000000 0.207005 0.000000 0.000000 0.000000
384 1.355250 0.000000 0.000000 0.868909 0.000000 0.000000 0.000000 0.000000 0.000000 0.000000 0.239250 0.000000 0.000000 0.000000
385 1.358952 0.000000 0.000000 0.875880 0.000000 0.000000 0.000000 0.000000 0.000000 0.000000 0.270164 0.000000 0.000000 0.000000
386 1.362748 0.000000 0.000000 0.882886 0.000000 0.000000 0.000000 0.000000 0.000000 0.000000 0.299722 0.000000 0.000000 0.000000
387 1.366644 0.000000 0.000000 0.889904 0.000000 0.000000 0.000000 0.000000 0.000000 0.000000 0.327902 0.000000 0.000000 0.000000
388 1.370642 0.000000 0.000000 0.896908 0.000000 0.000000 0.000000 0.000000 0.000000 0.000000 0.354683 0.000000 0.000000 0.000000
389 1.374747 0.000000 0.000000 0.903865 0.000000 0.000000 0.000000 0.000000 0.000000 0.000000 0.380040 0.000000 0.000000 0.000000
390 1.378960 0.000000 0.000000 0.910741 0.000000 0.000000 0.000000 0.000000 0.000000 0.000000 0.403946 0.000000 0.000000 0.000000
391 1.383282 0.000000 0.000000 0.917500 0.000000 0.000000 0.000000 0.000000 0.000000 0.000000 0.426385 0.000000 0.000000 0.000000
392 1.387716 0.000000 0.000000 0.924110 0.000000 0.000000 0.000000 0.000000 0.000000 0.000000 0.447360 0.000000 0.000000 0.000000
393 1.392271 0.000000 0.000000 0.930546 0.000000 0.000000 0.000000 0.000000 0.000000 0.000000 0.466899 0.000000 0.000000 0.000000
394 1.396959 0.000000 0.000000 0.936787 0.000000 0.000000 0.000000 0.000000 0.000000 0.000000 0.485045 0.000000 0.000000 0.000000
395 1.401790 0.000000 0.000000 0.942810 0.000000 0.000000 0.000000 0.000000 0.000000 0.000000 0.501833 0.000000 0.000000 0.000000
396 1.406770 0.000000 0.000000 0.948586 0.000000 0.000000 0.000000 0.000000 0.000000 0.000000 0.517279 0.000000 0.000000 0.000000
397 1.411896 0.000000 0.000000 0.954079 0.000000 0.000000 0.000000 0.000000 0.000000 0.000000 0.531384 0.000000 0.000000 0.000000
398 1.417165 0.000000 0.000000 0.959257 0.000000 0.000000 0.000000 0.000000 0.000000 0.000000 0.544169 0.000000 0.000000 0.000000
399 1.422587 0.000000 0.000000 0.964109 0.000000 0.000000 0.000000 0.000000 0.000000 0.000000 0.555699 0.000000 0.000000 0.000000
400 1.428197 0.000000 0.000000 0.968642 0.000000 0.000000 0.000000 0.000000 0.000000 0.000000 0.566078 0.000000 0.000000 0.000000
401 1.434041 0.000000 0.000000 0.972864 0.000000 0.000000 0.000000 0.000000 0.000000 0.000000 0.575404 0.000000 0.000000 0.000000
402 1.440144 0.000000 0.000000 0.976766 0.000000 0.000000 0.000000 0.000000 0.000000 0.000000 0.583727 0.000000 0.000000 0.000000
403 1.446480 0.000000 0.000000 0.980307 0.000000 0.000000 0.000000 0.000000 0.000000 0.000000 0.591035 0.000000 0.000000 0.000000
404 1.452998 0.000000 0.000000 0.983458 0.000000 0.000000 0.000000 0.000000 0.000000 0.000000 0.597336 0.000000 0.000000 0.000000
405 1.459720 0.000000 0.000000 0.986236 0.000000 0.000000 0.000000 0.000000 0.000000 0.000000 0.602732 0.000000 0.000000 0.000000
406 1.466725 0.000000 0.000000 0.988678 0.000000 0.000000 0.000000 0.000000 0.000000 0.000000 0.607352 0.000000 0.000000 0.000000
407 1.474024 0.000000 0.000000 0.990793 0.000000 0.000000 0.000000 0.000000 0.000000 0.000000 0.611258 0.000000 0.000000 0.000000
408 1.481446 0.000000 0.000000 0.992558 0.000000 0.000000 0.000000 0.000000 0.000000 0.000000 0.614449 0.000000 0.000000 0.000000
409 1.488867 0.000000 0.000000 0.993995 0.000000 0.000000 0.000000 0.000000 0.000000 0.000000 0.616997 0.000000 0.000000 0.000000
410 1.496355 0.000000 0.000000 0.995167 0.000000 0.000000 0.000000 0.000000 0.000000 0.000000 0.619039 0.000000 0.000000 0.000000
411 1.503984 0.000000 0.000000 0.996126 0.000000 0.000000 0.000000 0.000000 0.000000 0.000000 0.620681 0.000000 0.000000 0.000000
412 1.511748 0.000000 0.000000 0.996903 0.000000 0.000000 0.000000 0.000000 0.000000 0.000000 0.621989 0.000000 0.000000 0.000000
413 1.519617 0.000000 0.000000 0.997527 0.000000 0.000000 0.000000 0.000000 0.000000 0.000000 0.623016 0.000000 0.000000 0.000000
414 1.527662 0.000000 0.000000 0.998029 0.000000 0.000000 0.000000 0.000000 0.000000 0.000000 0.623823 0.000000 0.000000 0.000000
415 1.536027 0.000000 0.000000 0.998436 0.000000 0.000000 0.000000 0.000000 0.000000 0.000000 0.624458 0.000000 0.000000 0.000000
416 1.544826 0.000000 0.000000 0.998765 0.000000 0.000000 0.000000 0.000000 0.000000 0.000000 0.624954 0.000000 0.000000 0.000000
417 1.554087 0.000000 0.000000 0.999025 0.000000 0.000000 0.000000 0.000000 0.000000 0.000000 0.625332 0.000000 0.000000 0.000000
418 1.563892 0.000000 0.000000 0.999226 0.000000 0.000000 0.000000 0.000000 0.000000 0.000000 0.625613 0.000000 0.000000 0.000000
419 1.574299 0.000000 0.000000 0.999377 0.000000 0.000000 0.000000 0.000000 0.000000 0.000000 0.625817 0.000000 0.000000 0.000000
420 1.584790 0.000000 0.000000 0.999480 0.000000 0.000000 0.000000 0.000000 0.000000 0.000000 0.625954 0.000000 0.000000 0.000000
421 1.595073 0.000000 0.000000 0.999547 0.000000 0.000000 0.000000 0.000000 0.000000 0.000000 0.626043 0.000000 0.000000 0.000000
422 1.605228 0.000000 0.000000 0.999591 0.000000 0.000000 0.000000 0.000000 0.000000 0.000000 0.626101 0.000000 0.000000 0.000000
423 1.615279 0.000000 0.000000 0.999619 0.000000 0.000000 0.000000 0.000000 0.000000 0.000000 0.626140 0.000000 0.000000 0.000000
424 1.625407 0.000000 0.000000 0.999637 0.000000 0.000000 0.000000 0.000000 0.000000 0.000000 0.626166 0.000000 0.000000 0.000000
425 1.635812 0.000000 0.000000 0.999649 0.000000 0.000000 0.000000 0.000000 0.000000 0.000000 0.626184 0.000000 0.000000 0.000000
426 1.646704 0.000000 0.000000 0.999658 0.000000 0.000000 0.000000 0.000000 0.000000 0.000000 0.626197 0.000000 0.000000 0.000000
427 1.658455 0.000000 0.000000 0.999665 0.000000 0.000000 0.000000 0.000000 0.000000 0.000000 0.626205 0.000000 0.000000 0.000000
428 1.671762 0.000000 0.000000 0.999670 0.000000 0.000000 0.000000 0.000000 0.000000 0.000000 0.626210 0.000000 0.000000 0.000000
429 1.685647 0.000000 0.000000 0.999673 0.000000 0.000000 0.000000 0.000000 0.000000 0.000000 0.626213 0.000000 0.000000 0.000000
430 1.696919 0.000000 0.000000 0.999674 0.000000 0.000000 0.000000 0.000000 0.000000 0.000000 0.626214 0.000000 0.000000 0.000000
431 1.709002 0.000000 0.000000 0.999675 0.000000 0.000000 0.000000 0.000000 0.000000 0.000000 0.626214 0.000000 0.000000 0.000000
432 1.720138 0.000000 0.000000 0.999675 0.000000 0.000000 0.000000 0.000000 0.000000 0.000000 0.626215 0.000000 0.000000 0.000000
433 1.730520 0.000000 0.000000 0.999675 0.000000 0.000000 0.000000 0.000000 0.000000 0.000000 0.626215 0.000000 0.000000 0.000000
434 1.740647 0.000000 0.000000 0.999675 0.000000 0.000000 0.000000 0.000000 0.000000 0.000000 0.626215 0.000000 0.000000 0.000000
435 1.750713 0.000000 0.000000 0.999675 0.000000 0.000000 0.000000 0.000000 0.000000 0.000000 0.626215 0.000000 0.000000 0.000000
436 1.760762 0.000000 0.000000 0.999675 0.000000 0.000000 0.000000 0.000000 0.000000 0.000000 0.626215 0.000000 0.000000 0.000000
437 1.770802 0.000000 0.000000 0.999675 0.000000 0.000000 0.000000 0.000000 0.000000 0.000000 0.626215 0.000000 0.000000 0.000000
438 1.780830 0.000000 0.000000 0.999675 0.000000 0.000000 0.000000 0.000000 0.000000 0.000000 0.626215 0.000000 0.000000 0.000000
439 1.790838 0.000000 0.000000 0.999675 0.000000 0.000000 0.000000 0.000000 0.000000 0.000000 0.626215 0.000000 0.000000 0.000000
440 1.800823 0.000000 0.000000 0.999676 0.000000 0.000000 0.000000 0.000000 0.000000 0.000000 0.626215 0.000000 0.000000 0.000000
441 1.810781 0.000000 0.000000 0.999676 0.000000 0.000000 0.000000 0.000000 0.000000 0.000000 0.626215 0.000000 0.000000 0.000000
442 1.820715 0.000000 0.000000 0.999676 0.000000 0.000000 0.000000 0.000000 0.000000 0.000000 0.626215 0.000000 0.000000 0.000000
443 1.830631 0.000000 0.000000 0.999676 0.000000 0.000000 0.000000 0.000000 0.000000 0.000000 0.626215 0.000000 0.000000 0.000000
444 1.840533 0.000000 0.000000 0.999676 0.000000 0.000000 0.000000 0.000000 0.000000 0.000000 0.626215 0.000000 0.000000 0.000000
445 1.850429 0.000000 0.000000 0.999676 0.000000 0.000000 0.000000 0.000000 0.000000 0.000000 0.626215 0.000000 0.000000 0.000000
446 1.860320 0.000000 0.000000 0.999676 0.000000 0.000000 0.000000 0.000000 0.000000 0.000000 0.626215 0.000000 0.000000 0.000000
447 1.870210 0.000000 0.000000 0.999676 0.000000 0.000000 0.000000 0.000000 0.000000 0.000000 0.626215 0.000000 0.000000 0.000000
448 1.880100 0.000000 0.000000 0.999676 0.000000 0.000000 0.000000 0.000000 0.000000 0.000000 0.626215 0.000000 0.000000 0.000000
449 1.889990 0.000000 0.000000 0.999676 0.000000 0.000000 0.000000 0.000000 0.000000 0.000000 0.626215 0.000000 0.000000 0.000000
450 1.899880 0.000000 0.000000 0.999676 0.000000 0.000000 0.000000 0.000000 0.000000 0.000000 0.626215 0.000000 0.000000 0.000000
451 1.909768 0.000000 0.000000 0.999676 0.000000 0.000000 0.000000 0.000000 0.000000 0.000000 0.626215 0.000000 0.000000 0.000000
452 1.919656 0.000000 0.000000 0.999676 0.000000 0.000000 0.000000 0.000000 0.000000 0.000000 0.626215 0.000000 0.000000 0.000000
453 1.929542 0.000000 0.000000 0.999676 0.000000 0.000000 0.000000 0.000000 0.000000 0.000000 0.626215 0.000000 0.000000 0.000000
454 1.939427 0.000000 0.000000 0.999676 0.000000 0.000000 0.000000 0.000000 0.000000 0.000000 0.626215 0.000000 0.000000 0.000000
455 1.949311 0.000000 0.000000 0.999676 0.000000 0.000000 0.000000 0.000000 0.000000 0.000000 0.626215 0.000000 0.000000 0.000000
456 1.959195 0.000000 0.000000 0.999676 0.000000 0.000000 0.000000 0.000000 0.000000 0.000000 0.626215 0.000000 0.000000 0.000000
457 1.969079 0.000000 0.000000 0.999676 0.000000 0.000000 0.000000 0.000000 0.000000 0.000000 0.626215 0.000000 0.000000 0.000000
458 1.978962 0.000000 0.000000 0.999676 0.000000 0.000000 0.000000 0.000000 0.000000 0.000000 0.626215 0.000000 0.000000 0.000000
459 1.988846 0.000000 0.000000 0.999676 0.000000 0.000000 0.000000 0.000000 0.000000 0.000000 0.626215 0.000000 0.000000 0.000000
460 1.998729 0.000000 0.000000 0.999676 0.000000 0.000000 0.000000 0.000000 0.000000 0.000000 0.626215 0.000000 0.000000 0.000000
461 2.008612 0.000000 0.000000 0.999676 0.000000 0.000000 0.000000 0.000000 0.000000 0.000000 0.626215 0.000000 0.000000 0.000000
462 2.018495 0.000000 0.000000 0.999676 0.000000 0.000000 0.000000 0.000000 0.000000 0.000000 0.626215 0.000000 0.000000 0.000000
463 2.028378 0.000000 0.000000 0.999676 0.000000 0.000000 0.000000 0.000000 0.000000 0.000000 0.626215 0.000000 0.000000 0.000000
464 2.038261 0.000000 0.000000 0.999676 0.000000 0.000000 0.000000 0.000000 0.000000 0.000000 0.626215 0.000000 0.000000 0.000000
465 2.048144 0.000000 0.000000 0.999676 0.000000 0.000000 0.000000 0.000000 0.000000 0.000000 0.626215 0.000000 0.000000 0.000000
466 2.058027 0.000000 0.000000 0.999676 0.000000 0.000000 0.000000 0.000000 0.000000 0.000000 0.626215 0.000000 0.000000 0.000000
467 2.067910 0.000000 0.000000 0.999676 0.000000 0.000000 0.000000 0.000000 0.000000 0.000000 0.626215 0.000000 0.000000 0.000000
468 2.077793 0.000000 0.000000 0.999676 0.000000 0.000000 0.000000 0.000000 0.000000 0.000000 0.626215 0.000000 0.000000 0.000000
469 2.087675 0.000000 0.000000 0.999676 0.000000 0.000000 0.000000 0.000000 0.000000 0.000000 0.626215 0.000000 0.000000 0.000000
470 2.097558 0.000000 0.000000 0.999676 0.000000 0.000000 0.000000 0.000000 0.000000 0.000000 0.626215 0.000000 0.000000 0.000000
471 2.107441 0.000000 0.000000 0.999676 0.000000 0.000000 0.000000 0.000000 0.000000 0.000000 0.626215 0.000000 0.000000 0.000000
472 2.117323 0.000000 0.000000 0.999676 0.000000 0.000000 0.000000 0.000000 0.000000 0.000000 0.626215 0.000000 0.000000 0.000000
473 2.127206 0.000000 0.000000 0.999676 0.000000 0.000000 0.000000 0.000000 0.000000 0.000000 0.626215 0.000000 0.000000 0.000000
474 2.137089 0.000000 0.000000 0.999676 0.000000 0.000000 0.000000 0.000000 0.000000 0.000000 0.626215 0.000000 0.000000 0.000000
475 2.146971 0.000000 0.000000 0.999676 0.000000 0.000000 0.000000 0.000000 0.000000 0.000000 0.626215 0.000000 0.000000 0.000000
476 2.156854 0.000000 0.000000 0.999676 0.000000 0.000000 0.000000 0.000000 0.000000 0.000000 0.626215 0.000000 0.000000 0.000000
477 2.166736 0.000000 0.000000 0.999676 0.000000 0.000000 0.000000 0.000000 0.000000 0.000000 0.626215 0.000000 0.000000 0.000000
478 2.176619 0.000000 0.000000 0.999676 0.000000 0.000000 0.000000 0.000000 0.000000 0.000000 0.626215 0.000000 0.000000 0.000000
479 2.186501 0.000000 0.000000 0.999676 0.000000 0.000000 0.000000 0.000000 0.000000 0.000000 0.626215 0.000000 0.000000 0.000000
480 2.196384 0.000000 0.000000 0.999676 0.000000 0.000000 0.000000 0.000000 0.000000 0.000000 0.626215 0.000000 0.000000 0.000000
481 2.206266 0.000000 0.000000 0.999676 0.000000 0.000000 0.000000 0.000000 0.000000 0.000000 0.626215 0.000000 0.000000 0.000000
482 2.216149 0.000000 0.000000 0.999676 0.000000 0.000000 0.000000 0.000000 0.000000 0.000000 0.626215 0.000000 0.000000 0.000000
483 2.226031 0.000000 0.000000 0.999676 0.000000 0.000000 0.000000 0.000000 0.000000 0.000000 0.626215 0.000000 0.000000 0.000000
484 2.235913 0.000000 0.000000 0.999676 0.000000 0.000000 0.000000 0.000000 0.000000 0.000000 0.626215 0.000000 0.000000 0.000000
485 2.245796 0.000000 0.000000 0.999676 0.000000 0.000000 0.000000 0.000000 0.000000 0.000000 0.626215 0.000000 0.000000 0.000000
486 2.255678 0.000000 0.000000 0.999676 0.000000 0.000000 0.000000 0.000000 0.000000 0.000000 0.626215 0.000000 0.000000 0.000000
487 2.265560 0.000000 0.000000 0.999676 0.000000 0.000000 0.000000 0.000000 0.000000 0.000000 0.626215 0.000000 0.000000 0.000000
488 2.275443 0.000000 0.000000 0.999676 0.000000 0.000000 0.000000 0.000000 0.000000 0.000000 0.626215 0.000000 0.000000 0.000000
489 2.285325 0.000000 0.000000 0.999676 0.000000 0.000000 0.000000 0.000000 0.000000 0.000000 0.626215 0.000000 0.000000 0.000000
490 2.295207 0.000000 0.000000 0.999676 0.000000 0.000000 0.000000 0.000000 0.000000 0.000000 0.626215 0.000000 0.000000 0.000000
491 2.305090 0.000000 0.000000 0.999676 0.000000 0.000000 0.000000 0.000000 0.000000 0.000000 0.626215 0.000000 0.000000 0.000000
492 2.314972 0.000000 0.000000 0.999676 0.000000 0.000000 0.000000 0.000000 0.000000 0.000000 0.626215 0.000000 0.000000 0.000000
493 2.324854 0.000000 0.000000 0.999676 0.000000 0.000000 0.000000 0.000000 0.000000 0.000000 0.626215 0.000000 0.000000 0.000000
494 2.334736 0.000000 0.000000 0.999676 0.000000 0.000000 0.000000 0.000000 0.000000 0.000000 0.626215 0.000000 0.000000 0.000000
495 2.344618 0.000000 0.000000 0.999676 0.000000 0.000000 0.000000 0.000000 0.000000 0.000000 0.626215 0.000000 0.000000 0.000000
496 2.354501 0.000000 0.000000 0.999676 0.000000 0.000000 0.000000 0.000000 0.000000 0.000000 0.626215 0.000000 0.000000 0.000000
497 2.364383 0.000000 0.000000 0.999676 0.000000 0.000000 0.000000 0.000000 0.000000 0.000000 0.626215 0.000000 0.000000 0.000000
498 2.374265 0.000000 0.000000 0.999676 0.000000 0.000000 0.000000 0.000000 0.000000 0.000000 0.626215 0.000000 0.000000 0.000000
499 2.384147 0.000000 0.000000 0.999676 0.000000 0.000000 0.000000 0.000000 0.000000 0.000000 0.626215 0.000000 0.000000 0.000000
500 2.394029 0.000000 0.000000 0.999676 0.000000 0.000000 0.000000 0.000000 0.000000 0.000000 0.626215 0.000000 0.000000 0.000000
501 2.403911 0.000000 0.000000 0.999676 0.000000 0.000000 0.000000 0.000000 0.000000 0.000000 0.626215 0.000000 0.000000 0.000000
502 2.413793 0.000000 0.000000 0.999676 0.000000 0.000000 0.000000 0.000000 0.000000 0.000000 0.626215 0.000000 0.000000 0.000000
503 2.423675 0.000000 0.000000 0.999676 0.000000 0.000000 0.000000 0.000000 0.000000 0.000000 0.626215 0.000000 0.000000 0.000000
504 2.433557 0.000000 0.000000 0.999676 0.000000 0.000000 0.000000 0.000000 0.000000 0.000000 0.626215 0.000000 0.000000 0.000000
505 2.443439 0.000000 0.000000 0.999676 0.000000 0.000000 0.000000 0.000000 0.000000 0.000000 0.626215 0.000000 0.000000 0.000000
506 2.453321 0.000000 0.000000 0.999676 0.000000 0.000000 0.000000 0.000000 0.000000 0.000000 0.626215 0.000000 0.000000 0.000000
507 2.463203 0.000000 0.000000 0.999676 0.000000 0.000000 0.000000 0.000000 0.000000 0.000000 0.626215 0.000000 0.000000 0.000000
508 2.473085 0.000000 0.000000 0.999676 0.000000 0.000000 0.000000 0.000000 0.000000 0.000000 0.626215 0.000000 0.000000 0.000000
509 2.482967 0.000000 0.000000 0.999676 0.000000 0.000000 0.000000 0.000000 0.000000 0.000000 0.626215 0.000000 0.000000 0.000000
510 2.492849 0.000000 0.000000 0.999676 0.000000 0.000000 0.000000 0.000000 0.000000 0.000000 0.626215 0.000000 0.000000 0.000000
511 2.502731 0.000000 0.000000 0.999676 0.000000 0.000000 0.000000 0.000000 0.000000 0.000000 0.626215 0.000000 0.000000 0.000000
512 2.512613 0.000000 0.000000 0.999676 0.000000 0.000000 0.000000 0.000000 0.000000 0.000000 0.626215 0.000000 0.000000 0.000000
513 2.522495 0.000000 0.000000 0.999676 0.000000 0.000000 0.000000 0.000000 0.000000 0.000000 0.626215 0.000000 0.000000 0.000000
514 2.532376 0.000000 0.000000 0.999676 0.000000 0.000000 0.000000 0.000000 0.000000 0.000000 0.626215 0.000000 0.000000 0.000000
515 2.542258 0.000000 0.000000 0.999676 0.000000 0.000000 0.000000 0.000000 0.000000 0.000000 0.626215 0.000000 0.000000 0.000000
516 2.552140 0.000000 0.000000 0.999676 0.000000 0.000000 0.000000 0.000000 0.000000 0.000000 0.626215 0.000000 0.000000 0.000000
517 2.562022 0.000000 0.000000 0.999676 0.000000 0.000000 0.000000 0.000000 0.000000 0.000000 0.626215 0.000000 0.000000 0.000000
518 2.571904 0.000000 0.000000 0.999676 0.000000 0.000000 0.000000 0.000000 0.000000 0.000000 0.626215 0.000000 0.000000 0.000000
519 2.581785 0.000000 0.000000 0.999676 0.000000 0.000000 0.000000 0.000000 0.000000 0.000000 0.626215 0.000000 0.000000 0.000000
520 2.591667 0.000000 0.000000 0.999676 0.000000 0.000000 0.000000 0.000000 0.000000 0.000000 0.626215 0.000000 0.000000 0.000000
521 2.601549 0.000000 0.000000 0.999676 0.000000 0.000000 0.000000 0.000000 0.000000 0.000000 0.626215 0.000000 0.000000 0.000000
522 2.611431 0.000000 0.000000 0.999676 0.000000 0.000000 0.000000 0.000000 0.000000 0.000000 0.626215 0.000000 0.000000 0.000000
523 2.621312 0.000000 0.000000 0.999676 0.000000 0.000000 0.000000 0.000000 0.000000 0.000000 0.626215 0.000000 0.000000 0.000000
524 2.631194 0.000000 0.000000 0.999676 0.000000 0.000000 0.000000 0.000000 0.000000 0.000000 0.626215 0.000000 0.000000 0.000000
525 2.641076 0.000000 0.000000 0.999676 0.000000 0.000000 0.000000 0.000000 0.000000 0.000000 0.626215 0.000000 0.000000 0.000000
526 2.650957 0.000000 0.000000 0.999676 0.000000 0.000000 0.000000 0.000000 0.000000 0.000000 0.626215 0.000000 0.000000 0.000000
527 2.660839 0.000000 0.000000 0.999676 0.000000 0.000000 0.000000 0.000000 0.000000 0.000000 0.626215 0.000000 0.000000 0.000000
528 2.670721 0.000000 0.000000 0.999676 0.000000 0.000000 0.000000 0.000000 0.000000 0.000000 0.626215 0.000000 0.000000 0.000000
529 2.680602 0.000000 0.000000 0.999676 0.000000 0.000000 0.000000 0.000000 0.000000 0.000000 0.626215 0.000000 0.000000 0.000000
530 2.690484 0.000000 0.000000 0.999676 0.000000 0.000000 0.000000 0.000000 0.000000 0.000000 0.626215 0.000000 0.000000 0.000000
531 2.700366 0.000000 0.000000 0.999676 0.000000 0.000000 0.000000 0.000000 0.000000 0.000000 0.626215 0.000000 0.000000 0.000000
532 2.710247 0.000000 0.000000 0.999676 0.000000 0.000000 0.000000 0.000000 0.000000 0.000000 0.626215 0.000000 0.000000 0.000000
533 2.720129 0.000000 0.000000 0.999676 0.000000 0.000000 0.000000 0.000000 0.000000 0.000000 0.626215 0.000000 0.000000 0.000000
534 2.730010 0.000000 0.000000 0.999676 0.000000 0.000000 0.000000 0.000000 0.000000 0.000000 0.626215 0.000000 0.000000 0.000000
535 2.739892 0.000000 0.000000 0.999676 0.000000 0.000000 0.000000 0.000000 0.000000 0.000000 0.626215 0.000000 0.000000 0.000000
536 2.749773 0.000000 0.000000 0.999676 0.000000 0.000000 0.000000 0.000000 0.000000 0.000000 0.626215 0.000000 0.000000 0.000000
537 2.759655 0.000000 0.000000 0.999676 0.000000 0.000000 0.000000 0.000000 0.000000 0.000000 0.626215 0.000000 0.000000 0.000000
538 2.769536 0.000000 0.000000 0.999676 0.000000 0.000000 0.000000 0.000000 0.000000 0.000000 0.626215 0.000000 0.000000 0.000000
539 2.779418 0.000000 0.000000 0.999676 0.000000 0.000000 0.000000 0.000000 0.000000 0.000000 0.626215 0.000000 0.000000 0.000000
540 2.789299 0.000000 0.000000 0.999676 0.000000 0.000000 0.000000 0.000000 0.000000 0.000000 0.626215 0.000000 0.000000 0.000000
541 2.799181 0.000000 0.000000 0.999676 0.000000 0.000000 0.000000 0.000000 0.000000 0.000000 0.626215 0.000000 0.000000 0.000000
542 2.809062 0.000000 0.000000 0.999676 0.000000 0.000000 0.000000 0.000000 0.000000 0.000000 0.626215 0.000000 0.000000 0.000000
543 2.818944 0.000000 0.000000 0.999676 0.000000 0.000000 0.000000 0.000000 0.000000 0.000000 0.626215 0.000000 0.000000 0.000000
544 2.828825 0.000000 0.000000 0.999676 0.000000 0.000000 0.000000 0.000000 0.000000 0.000000 0.626215 0.000000 0.000000 0.000000
545 2.838707 0.000000 0.000000 0.999676 0.000000 0.000000 0.000000 0.000000 0.000000 0.000000 0.626215 0.000000 0.000000 0.000000
546 2.848588 0.000000 0.000000 0.999676 0.000000 0.000000 0.000000 0.000000 0.000000 0.000000 0.626215 0.000000 0.000000 0.000000
547 2.858469 0.000000 0.000000 0.999676 0.000000 0.000000 0.000000 0.000000 0.000000 0.000000 0.626215 0.000000 0.000000 0.000000
548 2.868351 0.000000 0.000000 0.999676 0.000000 0.000000 0.000000 0.000000 0.000000 0.000000 0.626215 0.000000 0.000000 0.000000
549 2.878232 0.000000 0.000000 0.999676 0.000000 0.000000 0.000000 0.000000 0.000000 0.000000 0.626215 0.000000 0.000000 0.000000
550 2.888113 0.000000 0.000000 0.999676 0.000000 0.000000 0.000000 0.000000 0.000000 0.000000 0.626215 0.000000 0.000000 0.000000
551 2.897995 0.000000 0.000000 0.999676 0.000000 0.000000 0.000000 0.000000 0.000000 0.000000 0.626215 0.000000 0.000000 0.000000
552 2.907876 0.000000 0.000000 0.999676 0.000000 0.000000 0.000000 0.000000 0.000000 0.000000 0.626215 0.000000 0.000000 0.000000
553 2.917757 0.000000 0.000000 0.999676 0.000000 0.000000 0.000000 0.000000 0.000000 0.000000 0.626215 0.000000 0.000000 0.000000
554 2.927639 0.000000 0.000000 0.999676 0.000000 0.000000 0.000000 0.000000 0.000000 0.000000 0.626215 0.000000 0.000000 0.000000
555 2.937520 0.000000 0.000000 0.999676 0.000000 0.000000 0.000000 0.000000 0.000000 0.000000 0.626215 0.000000 0.000000 0.000000
556 2.947401 0.000000 0.000000 0.999676 0.000000 0.000000 0.000000 0.000000 0.000000 0.000000 0.626215 0.000000 0.000000 0.000000
557 2.957282 0.000000 0.000000 0.999676 0.000000 0.000000 0.000000 0.000000 0.000000 0.000000 0.626215 0.000000 0.000000 0.000000
558 2.967164 0.000000 0.000000 0.999676 0.000000 0.000000 0.000000 0.000000 0.000000 0.000000 0.626215 0.000000 0.000000 0.000000
559 2.977045 0.000000 0.000000 0.999676 0.000000 0.000000 0.000000 0.000000 0.000000 0.000000 0.626215 0.000000 0.000000 0.000000
560 2.986926 0.000000 0.000000 0.999676 0.000000 0.000000 0.000000 0.000000 0.000000 0.000000 0.626215 0.000000 0.000000 0.000000
561 2.993463 0.000000 0.000000 0.999676 0.000000 0.000000 0.000000 0.000000 0.000000 0.000000 0.626215 0.000000 0.000000 0.000000
562 3.000000 0.000000 0.000000 0.999676 0.000000 0.000000 0.000000 0.000000 0.000000 0.000000 0.626215 0.000000 0.000000 0.000000
