0.15 3.9415256535897933 3.8047446535897933 3.754747653589793
0.154 4.626482653589793 4.320244653589793 4.102798653589793
0.158 5.311662653589793 4.835836653589793 4.450974653589793
0.162 5.9970616535897925 5.351532653589793 4.799233653589793
0.16599999999999998 6.682624960769379 5.867355653589794 5.147554653589793
0.16999999999999998 7.368306960769379 6.38330696076938 5.495939653589794
0.174 8.05409896076938 6.899365960769379 5.844392653589793
0.178 8.740012960769379 7.415509960769379 6.192919653589794
0.182 9.42605396076938 7.931729960769379 6.541509960769379
0.186 10.11220896076938 8.448024960769379 6.890155960769379
0.19 10.79845996076938 8.964397960769379 7.23885096076938
0.194 11.48479696076938 9.480843960769379 7.587589960769379
0.198 12.171215960769379 9.997353960769379 7.936372960769379
0.202 12.857716267948966 10.51392296076938 8.28519896076938
0.206 13.544294267948965 11.03054496076938 8.63406596076938
0.21 14.230944267948965 11.547219960769379 8.98296996076938
0.214 14.917658267948966 12.063945960769379 9.33190796076938
0.218 15.604434267948966 12.580718267948965 9.68087796076938
0.222 16.291268267948965 13.097535267948965 10.02987796076938
0.22599999999999998 16.978158267948967 13.614393267948966 10.37890696076938
0.22999999999999998 17.665100267948965 14.131290267948966 10.72796396076938
0.23399999999999999 18.352092267948965 14.648223267948966 11.077045960769379
0.238 19.03913157512855 15.165192267948965 11.426152960769379
0.242 19.72621457512855 15.682195267948966 11.77528296076938
0.246 20.413339575128553 16.199229267948965 12.124435960769379
0.25 21.100504575128554 16.716292267948965 12.47360796076938
0.254 21.78770757512855 17.233385267948965 12.822801267948966
0.258 22.474946575128552 17.750504267948966 13.172013267948966
0.262 23.16222057512855 18.267649267948965 13.521242267948965
0.266 23.84952757512855 18.784819267948965 13.870489267948965
0.27 24.53686557512855 19.30201257512855 14.219752267948966
0.274 25.224232882308137 19.81922857512855 14.569031267948965
0.278 25.911629882308137 20.336465575128553 14.918325267948966
0.28200000000000003 26.599053882308137 20.85372257512855 15.267633267948966
0.28600000000000003 27.28650388230814 21.37099957512855 15.616954267948966
0.29000000000000004 27.973977882308137 21.888295575128552 15.966289267948966
0.29400000000000004 28.661476882308136 22.40560957512855 16.315636267948967
0.298 29.348998882308138 22.92294057512855 16.664995267948967
0.302 30.03654288230814 23.44028757512855 17.014366267948965
0.306 30.72410788230814 23.95765157512855 17.363748267948964
0.31 31.411692882308138 24.475029575128552 17.713140267948965
0.314 32.099298189487726 24.99242257512855 18.062542267948967
0.318 32.78692118948772 25.50982988230814 18.411955267948965
0.322 33.474563189487725 26.027250882308138 18.761376267948965
0.32599999999999996 34.16222218948772 26.54468488230814 19.11080757512855
0.32999999999999996 34.84989718948773 27.06213088230814 19.46024657512855
0.33399999999999996 35.537589189487726 27.579588882308137 19.809694575128553
0.33799999999999997 36.22529618948772 28.09705888230814 20.159150575128553
0.34199999999999997 36.91301918948773 28.614539882308136 20.50861457512855
0.346 37.60075518948773 29.132031882308137 20.858085575128552
0.35 38.28850549666731 29.649533882308138 21.207563575128553
0.354 38.976269496667314 30.16704688230814 21.557049575128552
0.358 39.66404649666731 30.684568882308138 21.90654157512855
0.362 40.35183649666731 31.20209988230814 22.25604057512855
0.366 41.03963749666731 31.719640189487723 22.605545575128552
0.37 41.727451496667314 32.23719018948773 22.955056575128552
0.374 42.41527549666731 32.75474818948773 23.30457457512855
0.378 43.10311149666731 33.27231418948772 23.654096575128552
0.382 43.79095749666731 33.78988718948772 24.003625575128552
0.386 44.4788128038469 34.30746818948772 24.353158575128553
0.39 45.1666768038469 34.825056189487725 24.702696575128552
0.394 45.854548803846896 35.34264918948772 25.052238575128552
0.398 46.5424228038469 35.86024418948772 25.40178188230814
0.402 47.230294803846895 36.37783718948772 25.75132388230814
0.406 47.918149803846894 36.89541818948773 26.100857882308137
0.41000000000000003 48.6059658038469 37.412969189487725 26.450372882308137
0.41400000000000003 49.2937018038469 37.93046049666731 26.79984788230814
0.41800000000000004 49.9812868038469 38.44783849666731 27.14924788230814
0.42200000000000004 50.668603111026485 38.96501549666731 27.498512882308138
0.42600000000000005 51.355461111026486 39.48184849666731 27.847549882308137
0.43000000000000005 52.041563111026484 39.99811349666731 28.196208882308138
0.43400000000000005 52.72645611102648 40.51347249666731 28.54426288230814
0.43800000000000006 53.40946911102648 41.02742149666731 28.891376882308137
0.44199999999999995 54.08963511102648 41.53923549666731 29.237066882308138
0.44599999999999995 54.76560011102649 42.04789749666731 29.580656882308137
0.44999999999999996 55.435517111026485 42.55202249666731 29.92121888230814
0.45399999999999996 56.096926111026484 43.04976349666731 30.257522882308137
0.45799999999999996 56.74663841820607 43.53872749666731 30.58796888230814
0.46199999999999997 57.38063141820607 44.01589380384689 30.910536882308136
0.46599999999999997 57.99396341820607 44.4775468038469 31.22273988230814
0.47 58.58072841820607 44.9192428038469 31.521596189487724
0.474 59.13406041820607 45.3358138038469 31.803631189487724
0.478 59.64621141820607 45.7214228038469 32.064911189487724
0.482 60.10868341820607 46.069660803846894 32.30110218948772
0.486 60.51242241820607 46.373697803846895 32.507578189487724
0.49 60.84805741820607 46.626466803846895 32.67953918948773
0.494 61.10615441820607 46.8208548038469 32.812144189487725
0.498 61.27749741820607 46.9499168038469 32.900662189487726
0.502 61.35333741820607 47.0070658038469 32.94060118948772
0.506 67.60882672538565 53.269445111026485 39.211021496667314
0.51 73.75366703256523 59.44852341820607 45.4250878038469
0.514 79.78183433974483 65.53977772538566 51.579710111026486
0.518 85.68852564692442 71.53960303256524 57.67242641820607
0.522 91.470243954104 77.44537833974482 63.70144572538565
0.526 97.12484826128357 83.25550064692442 69.66567303256524
0.53 102.65156656846317 88.969395954104 75.56471533974482
0.534 108.05097587564276 94.58750226128357 81.39886833974482
0.538 113.32495418282234 100.11123126128358 87.16908364692442
0.542 118.47661218282235 105.54292356846317 92.876950954104
0.546 123.51020349000193 110.88577487564277 98.52464326128359
