Optimizing ARP for b =  300.0
Optimizing Delta, T, and phases
0.999569718616263
0.9996509900623732
0.9995551148629506
0.999471833565712
0.999614835682108
[24.15  0.54]
0.9996572747915843
0.9996267569823808
[24.4375  0.5535]
0.999637989887802
0.9996540910607992
[24.4375  0.5535]
0.9996385211326109
0.9996580457165006
[24.38359375  0.54421875]
0.9996535100827135
0.999658409461113
[24.60371094  0.54611719]
0.9996469937912053
0.9996597234712856
[24.46557617  0.54933398]
0.9996563574573962
0.9996594937709937
[24.46557617  0.54933398]
0.99965977426644
0.9996588532996563
[24.32098389  0.54918896]
0.999658450366369
0.9996602324186731
[24.42619934  0.54761682]
0.9996600539400986
[24.42619934  0.54761682]
0.9996596711677057
0.9996603061457348
[24.33744354  0.54836664]
0.9996598534811556
0.9996602720708584
[24.33744354  0.54836664]
0.9996599434437121
0.9996601464824109
0.9996601880387564
0.9996601210608612
[24.33744354  0.54836664]
0.9996602778552934
[24.33744354  0.54836664]
0.9996597126004585
0.9996603221470172
[24.32420058  0.54822229]
0.999660289972667
0.9996602892526048
0.9996604700768726
0.9996601952194681
[24.33082206  0.54829446]
0.9996598052753563
0.9996602473648142
[24.33082206  0.54829446]
0.9996602493674077
0.9996603079024267
[24.33082206  0.54829446]
0.9996602520506468
0.9996602408930529
0.9996602371648816
0.9996598198944964
[24.33082206  0.54829446]
0.9996601550860764
0.9996602607613244
[24.33082206  0.54829446]
0.9996602856930549
[24.33082206  0.54829446]
0.9996602375783773
0.9996604026406327
[24.33082206  0.54829446]
0.9996599528002788
0.9996604003317363
[24.33082206  0.54829446]
0.9996602505517339
0.9996602943172156
0.9996604363683603
0.999660311535428
[24.33082206  0.54829446]
0.9996602209140405
0.9996601735052857
0.9996604531113372
0.9996601821105584
[24.33082206  0.54829446]
0.9996603684818856
0.9996603925839601
[24.33082206  0.54829446]
0.9996603427594015
0.9996604274622144
[24.33082206  0.54829446]
0.9996604953611413
0.9996603422359707
[24.33068473  0.54829499]
0.9996605126454693
0.9996603779982873
[24.3310262   0.54829536]
0.999660350659205
0.9996604868251457
[24.3310262   0.54829536]
0.9996605215420606
0.9996603507425188
[24.33087217  0.54829553]
0.9996603504644183
0.9996605057091221
[24.33087217  0.54829553]
0.9996603371572728
0.999660512039021
[24.33087217  0.54829553]
0.9996605213220253
[24.33087217  0.54829553]
0.9996603429128574
0.9996605150590211
[24.33087217  0.54829553]
0.9996603385894087
0.9996605195048731
[24.33087217  0.54829553]
0.9996603356943399
0.9996605203986846
[24.33087217  0.54829553]
0.9996605235459339
0.9996603366939201
[24.33093343  0.54829557]
0.9996605235459339
Phase:  [0.41371348 0.41373268 0.41378225 0.41375019 0.41366469]
Final Fidelity:  0.9996605235459339
Final Params:  [24.33093343  0.54829557]
