Optimizing ARP for b =  600.0
Optimizing Delta, T, and phases
0.9996247753321168
0.9997050982714147
0.9996147755167689
0.9995196973426839
0.9996725420621391
[24.15  0.54]
0.9997140495580114
0.9996849368558139
[24.4375  0.5535]
0.9996913970477455
0.9997084160685775
[24.4375  0.5535]
0.9996958652590685
0.9997134471767324
[24.4375  0.5535]
0.9997104247247749
0.9997153025676913
[24.21738281  0.55160156]
0.9997022550411006
0.9997161509629947
[24.35551758  0.54838477]
0.9997139045644161
0.9997155423442121
[24.35551758  0.54838477]
0.9997155029577341
0.9997160254956545
[24.35551758  0.54838477]
0.9997149026179205
0.9997160401671782
[24.35551758  0.54838477]
0.9997161145793424
[24.35551758  0.54838477]
0.9997155788918249
0.9997161375841127
[24.35551758  0.54838477]
0.9997159166625851
0.9997163121676738
[24.32886605  0.54918376]
0.9997160341117187
0.9997161447150658
[24.32886605  0.54918376]
0.9997160950280822
0.9997158023232504
0.9997161585945504
0.9997161180578291
[24.32886605  0.54918376]
0.9997161276353377
0.9997161570760664
[24.32886605  0.54918376]
0.999716060746261
0.9997161176997539
0.9997157741602977
0.9997161587412473
[24.32886605  0.54918376]
0.9997162337028432
[24.32886605  0.54918376]
0.9997161958783429
0.9997161730832216
0.9997161272442661
0.9997162120142061
[24.32886605  0.54918376]
0.9997160457947646
0.9997161531309003
[24.32886605  0.54918376]
0.9997161899144417
0.999716101144632
0.9997161428580691
0.9997162335542927
[24.32886605  0.54918376]
0.9997161111068229
0.9997158172123427
0.9997162731166697
0.999715838177768
[24.32886605  0.54918376]
0.9997160993105196
0.9997161213148769
[24.32886605  0.54918376]
0.9997160644273541
0.9997161819847802
[24.32886605  0.54918376]
0.9997161797970938
0.9997161280963206
0.9997162915309604
0.9997161382044716
[24.32886605  0.54918376]
0.9997163121676738
Phase:  [0.2068019  0.20683949 0.20672696 0.20690581 0.2070123 ]
Final Fidelity:  0.9997163121676738
Final Params:  [24.32886605  0.54918376]
