Optimizing ARP for b =  400.0
Optimizing Delta, T, and phases
0.9993863827641378
0.9993993246205317
0.9993059386374483
0.9994097613665147
0.999259065145486
[24.15   0.513]
0.9993724533206858
0.9994148927687938
[23.575    0.53325]
0.9993833308502698
0.9994140499775851
[23.575    0.53325]
0.9993682125359921
0.9994216682034556
[23.9703125   0.52270313]
0.9994269024767427
0.9994290796365105
[23.30546875  0.52080469]
0.9994061554497312
0.9994235189766172
[23.30546875  0.52080469]
0.9994246542830563
[23.30546875  0.52080469]
0.9994246995634501
[23.30546875  0.52080469]
0.9994162055522231
0.9994282477357466
[23.30546875  0.52080469]
0.9994259997817552
0.9994284784649483
[23.30546875  0.52080469]
0.999425703095532
0.9994291100240865
[23.14922485  0.5223653 ]
0.9994289624181836
0.9994293168586224
[23.15262909  0.52077873]
0.9994282761261987
0.999429362222102
[23.22819786  0.52118835]
0.9994288385307337
0.999429300242624
[23.22819786  0.52118835]
0.9994292020422592
0.9994288717799731
0.9994293059015422
0.9994293248556805
[23.22819786  0.52118835]
0.9994292163570816
0.9994294019302409
[23.20200833  0.5211467 ]
0.9994292417985745
0.9994293247678565
0.9994293054202807
0.9994291041169518
[23.20200833  0.5211467 ]
0.999429348774893
[23.20200833  0.5211467 ]
0.9994293487621551
0.9994293650759243
[23.20200833  0.5211467 ]
0.9994293011437807
0.9994293599087447
[23.20200833  0.5211467 ]
0.999428968388298
0.9994293189254543
0.9994292981356279
0.9994293394811873
[23.20200833  0.5211467 ]
0.999429387840743
[23.20200833  0.5211467 ]
0.9994294152325597
0.999429336229543
[23.19980902  0.52119748]
0.9994294037968845
[23.19980902  0.52119748]
0.9994289794005728
0.9994293929260414
0.9994293466058756
0.9994293122323404
[23.19980902  0.52119748]
0.9994293326715669
0.9994293396765681
[23.19980902  0.52119748]
0.9994293374168306
0.9994292849662628
0.999429426424985
0.9994293057525581
[23.19930922  0.52119555]
0.9994292843682623
0.999429334625308
[23.19930922  0.52119555]
0.9994293074202856
0.9994293116127989
0.999429337462969
0.9994294352639586
[23.19933421  0.5211975 ]
0.9994293570972996
0.9994293510961386
0.9994293474221085
0.9994293245200404
[23.19933421  0.5211975 ]
0.9994293365668474
0.9994293331123139
0.9994293300701593
0.9994293498462011
[23.19933421  0.5211975 ]
0.9994294352639586
Phase:  [0.23546576 0.23577151 0.23559422]
Final Fidelity:  0.9994294352639586
Final Params:  [23.19933421  0.5211975 ]
