Optimizing ARP for b =  500.0
Optimizing Delta, T, and phases
0.9996165038472695
0.9996970246275405
0.999606253395633
0.9995127413612438
0.999663526680991
[24.15  0.54]
0.9997057460037763
0.9996763022208596
[24.4375  0.5535]
0.999683661189975
0.9997003728742427
[24.4375  0.5535]
0.9996874255920593
0.9997053624051809
[24.4375  0.5535]
0.9997023741885213
0.9997065675951295
[24.21738281  0.55160156]
0.9996935561078922
0.999708022071742
[24.35551758  0.54838477]
0.9997056640722155
0.9997072011466295
[24.35551758  0.54838477]
0.9997072809702384
[24.35551758  0.54838477]
0.9997059157174241
0.9997075651924651
[24.35551758  0.54838477]
0.9997076718220522
[24.35551758  0.54838477]
0.9997072503601013
0.9997079344826826
[24.35551758  0.54838477]
0.9997076579772556
0.9997077890599512
[24.35551758  0.54838477]
0.9997077936953003
0.9997079246597387
[24.35551758  0.54838477]
0.9997080681154423
0.9997077890599512
[24.32673292  0.54924716]
0.9997078326337379
0.9997074221313443
0.9997080684748835
0.999707411166084
[24.34112525  0.54881596]
0.9997078140289619
0.9997079056026096
[24.34112525  0.54881596]
0.9997077512305664
0.9997079194525221
[24.34112525  0.54881596]
0.9997079145446593
0.9997079240595815
[24.34112525  0.54881596]
0.9997077640142542
0.9997080483463647
[24.34112525  0.54881596]
0.9997079642474
0.9997076877553387
0.9997080764620164
0.9997076861087152
[24.33392909  0.54903156]
0.999707915242166
0.9997079517792141
[24.33392909  0.54903156]
0.999707878451829
0.9997078528218726
0.9997080708914511
0.99970793999004
[24.33392909  0.54903156]
0.9997077484142946
0.9997078925468125
0.9997078445582517
0.9997079462648957
[24.33392909  0.54903156]
0.9997080560697941
[24.33392909  0.54903156]
0.9997078445716546
0.9997079051417129
0.9997078699226533
0.9997076911285998
[24.33392909  0.54903156]
0.9997078821057475
[24.33392909  0.54903156]
0.9997079112164312
[24.33392909  0.54903156]
0.9997076421195328
0.9997079524896025
[24.33392909  0.54903156]
0.9997078816418294
0.9997079797318781
[24.33392909  0.54903156]
0.9997078866315797
0.9997079202927752
0.9997079185055419
0.9997080115300704
[24.33392909  0.54903156]
0.9997081708388784
0.9997081382293678
[24.33383189  0.54903463]
0.9997079137160982
0.9997079097710809
0.9997081221361054
0.9997079326697302
[24.33383189  0.54903463]
0.9997081708388784
Phase:  [0.24807522 0.24805469 0.24827313 0.24817534 0.24798028]
Final Fidelity:  0.9997081708388784
Final Params:  [24.33383189  0.54903463]
