Optimizing ARP for b =  500.0
Optimizing Delta, T, and phases
0.9995186274559792
0.9995314905170288
0.9994515762169537
0.9995289327631449
[24.15  0.54]
0.9994915296646484
0.9995435666268304
[23.575    0.53325]
0.9994866072954953
0.9995451576046186
[24.00625    0.5248125]
0.9995483440291936
0.9994883606883788
[23.43125    0.5180625]
0.9995212304491218
0.9995494841254424
[23.646875    0.52734375]
0.9995520353284594
0.9995453737069034
[23.071875    0.52059375]
0.9995472163753949
0.9995514735266923
[23.071875    0.52059375]
0.9995334806315045
0.9995520885480891
[23.44023438  0.52407422]
0.9995524925349838
0.999550934802562
[23.11679688  0.52365234]
0.9995504789041633
0.9995527935099131
[23.17519531  0.52222852]
0.9995514827035589
0.9995526659404967
[23.17519531  0.52222852]
0.9995524060835076
0.9995527856349149
[23.17519531  0.52222852]
0.9995525365048943
0.9995527452857672
[23.17519531  0.52222852]
0.9995527344841062
0.9995527755508669
[23.17519531  0.52222852]
0.9995527829935855
0.9995528356022871
[23.16061325  0.52264895]
0.9995523218601625
0.999552764199555
0.9995527780528262
0.9995527846878837
[23.16061325  0.52264895]
0.9995527539060595
0.9995528053670718
[23.16061325  0.52264895]
0.9995528149565425
[23.16061325  0.52264895]
0.9995528009892952
0.9995527781281215
0.9995527515959729
0.9995528160339505
[23.16061325  0.52264895]
0.9995528041849066
0.9995528039369855
0.9995527975402874
0.9995527769734175
[23.16061325  0.52264895]
0.9995525179923781
0.9995527834469524
[23.16061325  0.52264895]
0.9995527890905683
0.9995527970884446
[23.16061325  0.52264895]
0.9995525757442577
0.999552811881361
[23.16061325  0.52264895]
0.9995528171623103
[23.16061325  0.52264895]
0.9995528077981133
0.9995527712103939
0.9995528279870013
0.9995528034941829
[23.16061325  0.52264895]
0.9995527887097438
0.9995528018246517
0.9995528291306847
0.9995528027615649
[23.16061325  0.52264895]
0.9995528222717599
0.9995527865936621
0.9995527813544476
0.9995527970114064
[23.16061325  0.52264895]
0.9995528208118776
[23.16061325  0.52264895]
0.999552824121378
[23.16061325  0.52264895]
0.9995527974668472
0.9995528275221891
[23.16061325  0.52264895]
0.999552803383142
0.999552780926594
0.9995527765326607
0.9995528351978247
[23.16061325  0.52264895]
0.9995528356022871
Phase:  [0.18896372 0.18873204 0.18901687]
Final Fidelity:  0.9995528356022871
Final Params:  [23.16061325  0.52264895]
