initial state is 101
Optimizing ARP for b =  200.0
Optimizing Delta, T, and phases
0.9997253228205799
0.9997522741386028
0.9997253228205799
0.999752274138603
0.9997466303562964
[24.15   0.513]
0.999743375372506
0.9997466303562964
[24.15   0.513]
0.999750449427858
0.9997531763008888
[23.8625    0.529875]
0.9997531763008886
[23.8625    0.529875]
0.999750449427858
0.9997530557842987
[23.8625    0.529875]
0.9997523973020433
0.9997532091711303
[23.934375    0.51553125]
0.9997532091711299
[23.934375    0.51553125]
0.9997530557842987
0.9997532190698927
[23.8984375   0.52945313]
0.9997532190698927
[23.8984375   0.52945313]
0.9997531763008888
0.9997532204426045
[23.91640625  0.51574219]
0.9997532204426056
0.9997532163531812
[23.91640625  0.54274219]
0.9997532091711299
0.9997532213729652
[23.90742188  0.52934766]
0.9997532213729652
[23.90742188  0.52934766]
0.9997532190698927
0.9997532213068886
[23.90742188  0.52934766]
0.9997532206306529
0.9997532214402365
[23.90966797  0.54282129]
0.9997532214402363
[23.90966797  0.54282129]
0.9997532213068885
0.9997532214317455
[23.90966797  0.54282129]
0.9997532213985724
0.9997532214422687
[23.90910645  0.52932788]
0.9997532214422689
0.9997532214385784
[23.90910645  0.55632788]
0.9997532214317455
0.9997532214428211
[23.90938721  0.54282458]
0.9997532214428213
0.99975322144192
[23.90938721  0.56982458]
0.9997532214402358
0.9997532214429364
[23.90924683  0.55632623]
0.9997532214429372
0.9997532214427022
[23.90924683  0.58332623]
0.9997532214422689
0.9997532214429768
[23.90931702  0.56982541]
0.9997532214429768
[23.90931702  0.56982541]
0.9997532214428211
0.9997532214429817
[23.90928192  0.58332582]
0.9997532214429818
0.9997532214429652
[23.90928192  0.55632582]
0.9997532214429364
0.9997532214429855
[23.90929947  0.56982561]
0.999753221442985
[23.90929947  0.56982561]
0.9997532214429772
0.9997532214429847
[23.90929947  0.56982561]
0.9997532214429833
0.9997532214429851
[23.90929947  0.56982561]
0.9997532214429854
[23.90929947  0.56982561]
0.9997532214429846
0.9997532214429854
[23.90929947  0.56982561]
0.9997532214429854
0.9997532214429852
0.9997532214429858
0.9997532214429846
[23.90929728  0.57657564]
0.9997532214429857
[23.90929728  0.57657564]
0.999753221442985
0.9997532214429848
0.9997532214429844
0.999753221442985
[23.90929728  0.57657564]
0.9997532214429854
[23.90929728  0.57657564]
0.9997532214429856
[23.90929728  0.57657564]
0.9997532214429854
0.9997532214429848
0.9997532214429853
0.9997532214429846
[23.90929728  0.57657564]
0.999753221442985
0.9997532214429854
[23.90929728  0.57657564]
0.9997532214429845
0.9997532214429844
0.9997532214429851
0.9997532214429847
[23.90929728  0.57657564]
0.999753221442985
0.999753221442985
[23.90929728  0.57657564]
0.9997532214429843
0.999753221442985
0.9997532214429856
0.9997532214429848
[23.90929728  0.57657564]
0.999753221442985
0.9997532214429841
0.999753221442985
0.9997532214429851
[23.90929728  0.57657564]
0.9997532214429858
Phase:  [-5.68986404e-05 -1.69990645e-05 -5.46050090e-04]
Final Fidelity:  0.9997532214429858
Final Params:  [23.90929728  0.57657564]
