initial state is 110
Optimizing ARP for b =  200.0
Optimizing Delta, T, and phases
0.99972532282058
0.9997522741386029
0.99972532282058
0.9997522741386031
0.9997466303562965
[24.15   0.513]
0.9997433753725061
0.9997466303562965
[24.15   0.513]
0.9997504494278581
0.9997531763008889
[23.8625    0.529875]
0.9997531763008887
[23.8625    0.529875]
0.9997504494278581
0.9997530557842988
[23.8625    0.529875]
0.9997523973020435
0.9997532091711304
[23.934375    0.51553125]
0.99975320917113
[23.934375    0.51553125]
0.9997530557842988
0.9997532190698928
[23.8984375   0.52945313]
0.9997532190698928
[23.8984375   0.52945313]
0.9997531763008889
0.9997532204426046
[23.91640625  0.51574219]
0.9997532204426057
0.9997532163531813
[23.91640625  0.54274219]
0.99975320917113
0.9997532213729653
[23.90742188  0.52934766]
0.9997532213729653
[23.90742188  0.52934766]
0.9997532190698928
0.9997532213068887
[23.90742188  0.52934766]
0.999753220630653
0.9997532214402366
[23.90966797  0.54282129]
0.9997532214402364
[23.90966797  0.54282129]
0.9997532213068886
0.9997532214317456
[23.90966797  0.54282129]
0.9997532213985725
0.9997532214422689
[23.90910645  0.52932788]
0.999753221442269
0.9997532214385785
[23.90910645  0.55632788]
0.9997532214317456
0.9997532214428212
[23.90938721  0.54282458]
0.9997532214428214
0.9997532214419201
[23.90938721  0.56982458]
0.9997532214402359
0.9997532214429365
[23.90924683  0.55632623]
0.9997532214429373
0.9997532214427023
[23.90924683  0.58332623]
0.999753221442269
0.999753221442977
[23.90931702  0.56982541]
0.999753221442977
[23.90931702  0.56982541]
0.9997532214428212
0.9997532214429818
[23.90928192  0.58332582]
0.999753221442982
0.9997532214429653
[23.90928192  0.55632582]
0.9997532214429365
0.9997532214429856
[23.90929947  0.56982561]
0.9997532214429851
[23.90929947  0.56982561]
0.9997532214429773
0.9997532214429848
[23.90929947  0.56982561]
0.9997532214429834
0.9997532214429852
[23.90929947  0.56982561]
0.9997532214429855
[23.90929947  0.56982561]
0.9997532214429847
0.9997532214429855
[23.90929947  0.56982561]
0.9997532214429855
0.9997532214429853
0.999753221442986
0.9997532214429847
[23.90929728  0.57657564]
0.9997532214429858
[23.90929728  0.57657564]
0.9997532214429851
0.999753221442985
0.9997532214429845
0.9997532214429851
[23.90929728  0.57657564]
0.9997532214429855
[23.90929728  0.57657564]
0.9997532214429857
[23.90929728  0.57657564]
0.9997532214429855
0.999753221442985
0.9997532214429854
0.9997532214429847
[23.90929728  0.57657564]
0.9997532214429851
0.9997532214429855
[23.90929728  0.57657564]
0.9997532214429846
0.9997532214429845
0.9997532214429852
0.9997532214429848
[23.90929728  0.57657564]
0.9997532214429851
0.9997532214429851
[23.90929728  0.57657564]
0.9997532214429844
0.9997532214429851
0.9997532214429857
0.999753221442985
[23.90929728  0.57657564]
0.9997532214429851
0.9997532214429842
0.9997532214429851
0.9997532214429852
[23.90929728  0.57657564]
0.999753221442986
Phase:  [ 3.72441574e-05  5.13154034e-04 -3.26655887e-05]
Final Fidelity:  0.999753221442986
Final Params:  [23.90929728  0.57657564]
