initial state is 011
Optimizing ARP for b =  200.0
Optimizing Delta, T, and phases
0.9997253228205802
0.9997522741386031
0.9997253228205802
0.9997522741386033
0.9997466303562967
[24.15   0.513]
0.9997433753725063
0.9997466303562967
[24.15   0.513]
0.9997504494278583
0.9997531763008891
[23.8625    0.529875]
0.9997531763008889
[23.8625    0.529875]
0.9997504494278583
0.9997530557842991
[23.8625    0.529875]
0.9997523973020437
0.9997532091711306
[23.934375    0.51553125]
0.9997532091711302
[23.934375    0.51553125]
0.9997530557842991
0.999753219069893
[23.8984375   0.52945313]
0.999753219069893
[23.8984375   0.52945313]
0.9997531763008891
0.9997532204426048
[23.91640625  0.51574219]
0.999753220442606
0.9997532163531815
[23.91640625  0.54274219]
0.9997532091711302
0.9997532213729655
[23.90742188  0.52934766]
0.9997532213729655
[23.90742188  0.52934766]
0.999753219069893
0.9997532213068889
[23.90742188  0.52934766]
0.9997532206306532
0.9997532214402368
[23.90966797  0.54282129]
0.9997532214402366
[23.90966797  0.54282129]
0.9997532213068888
0.9997532214317458
[23.90966797  0.54282129]
0.9997532213985727
0.9997532214422691
[23.90910645  0.52932788]
0.9997532214422692
0.9997532214385787
[23.90910645  0.55632788]
0.9997532214317458
0.9997532214428214
[23.90938721  0.54282458]
0.9997532214428216
0.9997532214419204
[23.90938721  0.56982458]
0.9997532214402362
0.9997532214429368
[23.90924683  0.55632623]
0.9997532214429375
0.9997532214427025
[23.90924683  0.58332623]
0.9997532214422692
0.9997532214429772
[23.90931702  0.56982541]
0.9997532214429772
[23.90931702  0.56982541]
0.9997532214428214
0.9997532214429821
[23.90928192  0.58332582]
0.9997532214429822
0.9997532214429655
[23.90928192  0.55632582]
0.9997532214429368
0.9997532214429858
[23.90929947  0.56982561]
0.9997532214429853
[23.90929947  0.56982561]
0.9997532214429775
0.9997532214429851
[23.90929947  0.56982561]
0.9997532214429836
0.9997532214429854
[23.90929947  0.56982561]
0.9997532214429857
[23.90929947  0.56982561]
0.999753221442985
0.9997532214429857
[23.90929947  0.56982561]
0.9997532214429857
0.9997532214429855
0.9997532214429862
0.999753221442985
[23.90929728  0.57657564]
0.9997532214429861
[23.90929728  0.57657564]
0.9997532214429853
0.9997532214429852
0.9997532214429847
0.9997532214429853
[23.90929728  0.57657564]
0.9997532214429857
[23.90929728  0.57657564]
0.999753221442986
[23.90929728  0.57657564]
0.9997532214429857
0.9997532214429852
0.9997532214429856
0.999753221442985
[23.90929728  0.57657564]
0.9997532214429853
0.9997532214429857
[23.90929728  0.57657564]
0.9997532214429848
0.9997532214429847
0.9997532214429854
0.9997532214429851
[23.90929728  0.57657564]
0.9997532214429853
0.9997532214429853
[23.90929728  0.57657564]
0.9997532214429846
0.9997532214429853
0.999753221442986
0.9997532214429852
[23.90929728  0.57657564]
0.9997532214429853
0.9997532214429844
0.9997532214429853
0.9997532214429854
[23.90929728  0.57657564]
0.9997532214429862
Phase:  [ 6.08911110e-05 -1.92242595e-04 -4.34598922e-04]
Final Fidelity:  0.9997532214429862
Final Params:  [23.90929728  0.57657564]
