Optimizing ARP for b =  400.0
Optimizing Delta, T, and phases
0.9995919395457201
0.9996198501300632
0.9995176478314439
0.999543377104792
0.999608276134883
[24.15  0.54]
0.999589343927907
0.9996167537220904
[24.15  0.54]
0.9996055278141065
0.9996193922235226
[24.15  0.54]
0.9996139105644696
0.9996206917739663
[23.75019531  0.53641406]
0.9996173623100051
0.999621212473164
[23.89731445  0.53530664]
0.9996140179995832
0.9996213842575763
[23.98687744  0.53793018]
0.9996206092487
0.9996212622089049
[23.98687744  0.53793018]
0.9996210653395025
0.9996214502476655
[23.90691299  0.53626492]
0.9996210918796955
0.9996215019863925
[23.89652042  0.53680689]
0.9996209529040335
0.9996213719377051
0.9996215375771026
0.9996214692082148
[23.90171671  0.53653591]
0.9996214383262568
0.9996214133018009
0.9996210785365699
0.9996215079994831
[23.90171671  0.53653591]
0.9996215357723409
[23.90171671  0.53653591]
0.999621463077634
0.9996215021104781
0.9996215274408621
0.9996213970788593
[23.90171671  0.53653591]
0.9996213993162583
0.9996214612777503
[23.90171671  0.53653591]
0.9996214839419425
0.9996214208030998
0.9996214349254104
0.9996214713223727
[23.90171671  0.53653591]
0.9996210726361912
0.9996209302900005
0.9996214680779473
0.9996209146967547
[23.90171671  0.53653591]
0.9996214380168451
0.999621557062971
[23.9009561   0.53651859]
0.9996215268991565
0.9996209410786607
0.9996215234712548
0.9996215381794575
[23.9009561   0.53651859]
0.9996214037806135
0.9996214173140248
0.9996209636400177
0.9996209570823417
[23.9009561   0.53651859]
0.9996213979510634
[23.9009561   0.53651859]
0.9996213904195417
0.9996215538215415
[23.9009561   0.53651859]
0.9996215463939466
0.9996215015959963
0.9996214315832486
0.9996215607305321
[23.90106464  0.53651863]
0.9996214520817763
0.9996214558690177
[23.90106464  0.53651863]
0.9996214949772837
0.9996215277685657
[23.90106464  0.53651863]
0.9996214235949847
0.9996215430834118
[23.90106464  0.53651863]
0.9996214082070816
0.9996215513858933
[23.90106464  0.53651863]
0.9996213994905218
0.9996215548703563
[23.90106464  0.53651863]
0.999621396481992
0.999621557397429
[23.90106464  0.53651863]
0.9996215602160289
[23.90106464  0.53651863]
0.9996215607305321
Phase:  [0.28315385 0.28295375 0.28282305 0.28302498]
Final Fidelity:  0.9996215607305321
Final Params:  [23.90106464  0.53651863]
