Optimizing ARP for b =  600.0
Optimizing Delta, T, and phases
0.9995905117272811
0.9996032893960859
0.9995304471689948
0.9995936242646322
[24.15  0.54]
0.9995561912897731
0.9996138180234576
[23.575    0.53325]
0.9995638711733186
0.9996129072138533
[23.575    0.53325]
0.9996144038433193
0.9995515594543333
[23.43125    0.5180625]
0.9996175543674772
0.999607448145283
[23.      0.5265]
0.9995803124710265
0.9996186629135126
[23.3953125   0.52776563]
0.9995982276586126
0.9996198526780007
[23.31445313  0.52259766]
0.9996173472856118
0.9996193566498371
[23.31445313  0.52259766]
0.9996188915533168
0.9996199899049107
[23.17126465  0.52244604]
0.9996168754202197
0.9996201387672017
[23.21015015  0.52418134]
0.9996197754696887
0.9996200570238525
[23.21015015  0.52418134]
0.9996200165797379
0.9996201607664398
[23.26141548  0.52412973]
0.9996197707076636
0.9996201890297751
[23.24418154  0.5235556 ]
0.9996201757742978
[23.24418154  0.5235556 ]
0.9996200184077307
0.9996201649151156
[23.24418154  0.5235556 ]
0.9996201299431936
0.9996201822371323
[23.24418154  0.5235556 ]
0.9996201839473445
[23.24418154  0.5235556 ]
0.9996201750329083
0.9996201639943009
0.9996201826614713
0.9996201683624113
[23.24418154  0.5235556 ]
0.9996202092064012
0.9996201622455059
[23.21854887  0.5235814 ]
0.9996201884706349
0.9996201580562692
0.9996202173025537
0.9996199800201022
[23.2313652  0.5235685]
0.9996202442135789
0.9996201680977208
[23.22548196  0.52353746]
0.9996199752003602
0.9996201745340251
0.999620204347288
0.9996201428161431
[23.22548196  0.52353746]
0.999620157977712
0.9996202247511606
[23.22548196  0.52353746]
0.9996202493267696
0.9996201965149893
[23.22647982  0.52352259]
0.9996201683477339
0.9996201967824426
0.9996201785285056
0.9996201699314433
[23.22647982  0.52352259]
0.9996202079778083
[23.22647982  0.52352259]
0.999620215113604
[23.22647982  0.52352259]
0.9996202172482794
[23.22647982  0.52352259]
0.9996201826643489
0.9996202021682387
0.9996201655417506
0.9996202147335114
[23.22647982  0.52352259]
0.9996202288321752
[23.22647982  0.52352259]
0.9996201761767104
0.9996201919711738
0.9996202396811709
0.9996201961419275
[23.22647982  0.52352259]
0.9996201789203525
0.9996201659959747
0.9996202436954974
0.9996201696650083
[23.22647982  0.52352259]
0.9996199293260277
0.9996202339630502
[23.22647982  0.52352259]
0.9996201633655534
0.9996201980634762
0.9996202449347682
0.9996201981918211
[23.22647982  0.52352259]
0.9996201896718168
0.9996202237774985
[23.22647982  0.52352259]
0.9996201654527199
0.9996202349514225
[23.22647982  0.52352259]
0.9996202154073877
0.999620241144506
[23.22647982  0.52352259]
0.9996202051526545
0.9996202441584593
[23.22647982  0.52352259]
0.9996202496821268
0.9996202051526545
[23.22641922  0.5235226 ]
0.9996202496821268
Phase:  [0.15777323 0.15749398 0.15759964]
Final Fidelity:  0.9996202496821268
Final Params:  [23.22641922  0.5235226 ]
