Optimizing ARP for b =  250.0
Optimizing Delta, T, and phases
0.989483388701839
0.9885857136292986
0.9897368176932204
0.990195377980239
0.9901877246168692
[21.85   0.567]
0.9901292128426873
[21.85   0.567]
0.9902554345639738
0.9898807432693517
[20.7    0.594]
0.9901231696077044
0.9902440793476712
[20.7    0.594]
0.9902143020878134
0.9902609927219057
[20.771875   0.6024375]
0.9901154253573607
0.9902769742681435
[21.14921875  0.59273438]
0.9902296825781702
0.9902728343998259
[21.14921875  0.59273438]
0.9902825904674044
0.9902701322119316
[21.20761719  0.58608984]
0.9902599766594816
0.9902804145691291
[21.20761719  0.58608984]
0.9902798838550356
0.9902825182075027
[21.20761719  0.58608984]
0.9902751569533957
0.990282526038558
[21.20761719  0.58608984]
0.9902831221738089
0.9902793164871025
[21.19842224  0.5881745 ]
0.9902778633510604
0.9902781854243075
0.9902832114696687
0.9902830399475688
[21.20301971  0.58713217]
0.9902814252321118
0.990283260580573
[21.16875801  0.58830448]
0.9902834735028067
0.9902837129161147
[21.16082211  0.58680598]
0.9902831980551359
0.9902827548034924
0.990282691551852
0.9902823308171295
[21.16082211  0.58680598]
0.990283381062301
[21.16082211  0.58680598]
0.9902831801098333
0.9902833119986704
[21.16082211  0.58680598]
0.9902835593030651
[21.16082211  0.58680598]
0.9902837959240234
0.9902829027896696
[21.17565422  0.58674099]
0.9902827890633253
0.990283212382
0.9902830330979946
0.9902834643183679
[21.17565422  0.58674099]
0.9902826668209204
0.9902829723498868
0.9902830087593376
0.9902836803253814
[21.17565422  0.58674099]
0.9902832076631025
0.9902828704663034
0.9902832759539073
0.9902829734385776
[21.17565422  0.58674099]
0.9902822977010216
0.9902793423301532
0.9902809808041211
0.9902827203565452
[21.17565422  0.58674099]
0.9902825806277629
0.99028333777444
[21.17565422  0.58674099]
0.9902835435437313
[21.17565422  0.58674099]
0.9902834255362072
0.9902823757890875
0.9902835965881476
0.990282892068356
[21.17565422  0.58674099]
0.9902787601127372
0.9902831313233488
[21.17565422  0.58674099]
0.9902827448339867
0.9902830558049804
0.9902835708803759
0.9902840620815468
[21.17565748  0.58674347]
0.9902827131562464
0.9902797255005026
0.9902835203558549
0.9902832098199124
[21.17565748  0.58674347]
0.9902840620815468
Phase:  [0.45799445 0.04564421 0.04607731 0.04596654]
Final Fidelity:  0.9902840620815468
Final Params:  [21.17565748  0.58674347]
