Optimizing ARP for b =  30.0
Optimizing Delta, T, and phases
0.6354532521016337
0.6291765587422067
0.6640797068088298
0.6880773293624031
0.7054367273378166
[20.7     0.5805]
0.676389908635377
[20.7     0.5805]
0.7651259756799761
0.8542324726147847
[16.1    0.648]
0.8399879891179335
[16.1    0.648]
0.8661003790712042
0.5342259192183982
[11.5     0.6885]
0.9072507542706141
0.8774135712840104
[11.5     0.7155]
0.5960813882132059
0.8995563660906278
[11.5     0.7155]
0.9136026850966893
0.8969783869086143
[13.8    0.702]
0.9297888700461594
0.9227302724681671
[11.5     0.7425]
0.9212055661626635
[11.5     0.7425]
0.9335943644462785
0.9149240211979143
[11.5     0.7695]
0.8949151422642918
0.9321985368892681
[11.5     0.7695]
0.9335362145219548
[11.5     0.7695]
0.9305766396210637
0.9343967031681377
[12.3625  0.756 ]
0.9313671655224732
0.934616225695368
[12.290625  0.766125]
0.9304214082591143
0.9347864865520926
[11.91328125  0.76528125]
0.9339911757294674
0.9347603595107338
[11.91328125  0.76528125]
0.9347383092985204
0.9348701149628149
[11.96381836  0.76153711]
0.9342696579401695
0.9348874642522728
[12.08538818  0.76213037]
0.93480767423911
0.9348721239855304
[12.08538818  0.76213037]
0.9348008095400338
0.9348918237251984
[12.0233223   0.76132864]
0.9348850839124705
0.9348916512373661
[12.0233223   0.76132864]
0.9348814832959054
0.9348934618083976
[12.05887485  0.76203216]
0.9348877946483916
0.9348941422379062
[12.04124964  0.76210984]
0.9348870777044789
0.9348947642087055
[12.03669227  0.76169982]
0.9348924311448596
0.9348917591221327
0.9348938966641932
0.9348935479758046
[12.03669227  0.76169982]
0.9348867159725205
0.9348943929850688
[12.03669227  0.76169982]
0.9348947589964358
[12.03669227  0.76169982]
0.9348923395320763
0.9348933593769118
0.9348940857715862
0.9348926671871958
[12.03669227  0.76169982]
0.9348871350384786
0.9348930508167926
[12.03669227  0.76169982]
0.934892889529481
0.9348943810100592
[12.03669227  0.76169982]
0.9348926142755944
0.9348938805198345
0.9348932422755315
0.9348943357663727
[12.03669227  0.76169982]
0.9348937726953628
0.934894273663141
[12.03669227  0.76169982]
0.9348947906282498
0.9348932468011945
[12.03730301  0.76169629]
0.9348950714037456
0.9348947571030244
[12.03634385  0.76171396]
0.9348931809085782
0.9348945738045056
0.9348947314888353
0.9348947924459333
[12.03634385  0.76171396]
0.9348944621443472
0.9348946258808364
0.934894845672069
0.9348945657312597
[12.03634385  0.76171396]
0.9348944271664335
0.9348947362555291
[12.03634385  0.76171396]
0.9348947859745971
0.9348953606905765
[12.03633834  0.76171285]
0.9348953606905765
Phase:  [0.62105318 0.1733424  0.17374218 0.1737339  0.17377026]
Final Fidelity:  0.9348953606905765
Final Params:  [12.03633834  0.76171285]
