Optimizing ARP for b =  150.0
Optimizing Delta, T, and phases
0.7676910332950064
0.7692177751224868
0.765713831101826
0.7712735738381082
0.7742415345532118
[24.725  0.486]
0.7760330512435829
0.7808377933988868
[27.3125  0.459 ]
0.7874000749177341
0.7997759465874412
[29.75625  0.3375 ]
0.8068864877879305
0.7817881799533763
[32.34375  0.3105 ]
0.7769731516959217
0.7915494623936963
[32.34375  0.3105 ]
0.8024035747945899
[32.34375  0.3105 ]
0.7880885808714309
0.8051293004059243
[32.34375  0.3105 ]
0.7977344121724431
0.8070461671192246
[32.34375  0.2835 ]
0.8085381371245562
0.8076816473706142
[33.49375  0.2835 ]
0.8029820018133715
0.8078795903609115
[33.49375  0.2835 ]
0.8092327823089577
0.8097136402290928
[34.5      0.30375]
0.810331334931423
0.8104347915577576
[36.728125  0.286875]
0.8111344788871006
0.8118145271284921
[39.8546875  0.3189375]
0.8090619318529011
0.8108331854061047
[39.8546875  0.3189375]
0.8122341940973754
0.8126265421552259
[40.91933594  0.35964844]
0.8129188829809417
0.8136941478236672
[48.36962891  0.41122266]
0.8121533598921072
0.8127776405328346
[48.36962891  0.41122266]
0.8139782628919875
0.8147022149660146
[61.27484131  0.52556396]
0.8151096497320566
0.8155842641572469
[70.38794556  0.56781079]
0.8155462329934564
[70.38794556  0.56781079]
0.8145386009248274
0.8154788960824098
[70.38794556  0.56781079]
0.8155558322972697
[70.38794556  0.56781079]
0.8153930802832231
0.8157730412492761
[80.39941711  0.65170129]
0.8150153277827907
0.8157965685482043
[80.00854416  0.64222311]
0.8149420175203285
0.8157989924384608
[75.2959631  0.6073865]
0.8157208046157489
0.8157495536264948
0.8155837740347974
0.8156021965599348
[75.2959631  0.6073865]
0.8157759318411553
[75.2959631  0.6073865]
0.8154660973824933
0.8156488472209008
[75.2959631  0.6073865]
0.8157096874743855
0.8157875185686604
[75.2959631  0.6073865]
0.8157403964977943
0.8157958330932974
[75.2959631  0.6073865]
0.8157652590328435
0.8157985367130909
[75.2959631  0.6073865]
0.815795426385027
0.8157993096649407
[75.21392449  0.60803474]
0.8157920585595491
0.8158004881450198
[75.14260399  0.60711985]
0.8158000014438878
[75.14260399  0.60711985]
0.8157992648826837
0.8158000487399424
[75.14260399  0.60711985]
0.8157998082351818
0.8158000508916585
[75.14260399  0.60711985]
0.8157997264527881
0.8158006919168365
[75.14087138  0.60754935]
0.8158004000211938
0.8158002487164353
0.8158000191391621
0.8157992432361866
[75.14087138  0.60754935]
0.8158005588918058
[75.14087138  0.60754935]
0.8158006838370095
[75.14087138  0.60754935]
0.8158000884406148
0.8157999418834372
0.8158004377997474
0.8158000084416124
[75.14087138  0.60754935]
0.8158005236098134
[75.14087138  0.60754935]
0.815799932098225
0.8158003186540357
0.8158001212123697
0.8158004929064169
[75.14087138  0.60754935]
0.815800442687973
0.815800318824059
0.8158003576952302
0.8158002397899105
[75.14087138  0.60754935]
0.8158001245121977
0.8158003316773634
[75.14087138  0.60754935]
0.8158002822299367
0.8157999395216242
0.8158007738572532
0.8158003064735548
[75.14198072  0.60754781]
0.8157999135182806
0.8158001609659199
0.8158002094577923
0.8157994781174971
[75.14198072  0.60754781]
0.815800107812781
0.8157999941176837
0.8158000517779525
0.8158001526955638
[75.14198072  0.60754781]
0.8157992239121167
0.8158002408635034
[75.14198072  0.60754781]
0.815800350430804
[75.14198072  0.60754781]
0.8158003247114379
0.8158002983448134
0.8158000584610278
0.8158003334605097
[75.14198072  0.60754781]
0.8158007738572532
Phase:  [-1.96116258  0.6992558   0.69922678]
Final Fidelity:  0.8158007738572532
Final Params:  [75.14198072  0.60754781]
