Optimizing ARP for b =  210.0
Optimizing Delta, T, and phases
0.9873106172524597
0.9864493325538309
0.9873187948396558
0.9877518064689319
0.9876057612407803
[21.85   0.567]
0.9874387513576363
[21.85   0.567]
0.9875445119158202
[21.85   0.567]
0.9876661770962547
[21.85   0.567]
0.9879083692731789
0.9875737584973755
[21.85  0.54]
0.9873106172524597
0.9878405020601417
[21.85  0.54]
0.9882624916059024
0.988793078543543
[20.9875    0.516375]
0.987902034867145
0.9884152582483063
[20.9875    0.516375]
0.9860044928962518
0.9882258580235511
[20.9875    0.516375]
0.9883189892994342
0.988632860832382
[20.9875    0.516375]
0.9889519305658425
0.98893034912147
[20.58320312  0.51205078]
0.9890778173158132
0.9890955425020823
[20.18339844  0.52697461]
0.9893388887408561
0.9893526577947681
[19.17490234  0.52578809]
0.9887151956576697
0.9892355906844719
[19.17490234  0.52578809]
0.9885852958272503
0.9892886131761583
[19.17490234  0.52578809]
0.989329035203298
[19.17490234  0.52578809]
0.9888961273939592
0.9893792659188936
[19.49332123  0.52664378]
0.9893218710890925
0.9893770183260086
[19.49332123  0.52664378]
0.9893135731963697
0.9893815273263694
[19.24778852  0.52674578]
0.9893764717778575
0.989382065193528
[19.25929153  0.52772896]
0.9893464912634853
0.9893887756996408
[19.37343063  0.52694058]
0.9893773669848225
0.9893894917079099
[19.2820748   0.52704027]
0.9893893520550536
[19.2820748   0.52704027]
0.9893877284174433
0.9893910759403153
[19.35628749  0.52679333]
0.9893869889691551
0.989390152179574
[19.35628749  0.52679333]
0.9893887054190648
0.9893901207310754
[19.35628749  0.52679333]
0.9893891679957273
0.9893907496181837
[19.35628749  0.52679333]
0.9893895572436909
0.9893900539366116
0.9893899979362947
0.9893894964813468
[19.35628749  0.52679333]
0.9893911662919904
0.9893901144284406
[19.34657027  0.5268895 ]
0.9893902809029085
0.9893895305233378
0.989390857986459
0.9893907005931633
[19.34657027  0.5268895 ]
0.9893901818014283
0.9893900207631594
0.989390459977014
0.9893895404990766
[19.34657027  0.5268895 ]
0.9893896474044724
0.9893895164753832
0.9893895216943238
0.9893900103352689
[19.34657027  0.5268895 ]
0.989390699608936
[19.34657027  0.5268895 ]
0.9893895282598857
0.9893894016068849
0.989390595431657
0.9893899024379655
[19.34657027  0.5268895 ]
0.9893895898520783
0.9893904635734196
[19.34657027  0.5268895 ]
0.9893898790319009
0.9893898859933115
0.9893911455977371
0.9893901563380063
[19.34657027  0.5268895 ]
0.9893905490532454
0.9893899872871104
0.9893891441772639
0.9893907117288637
[19.34657027  0.5268895 ]
0.9893909909754409
[19.34657027  0.5268895 ]
0.9893905828915921
0.9893903659255389
0.9893907398741283
0.9893905997831768
[19.34657027  0.5268895 ]
0.9893911662919904
Phase:  [0.49697173 0.05202003 0.05176357 0.0520085 ]
Final Fidelity:  0.9893911662919904
Final Params:  [19.34657027  0.5268895 ]
