Optimizing ARP for b =  270.0
Optimizing Delta, T, and phases
0.9902241153247532
0.9893166550799104
0.9905652325561859
0.9910324454597709
0.9910731977294172
[20.7     0.5805]
0.9912130220392459
0.9910903882195212
[20.7     0.6075]
0.9899722523364061
0.9910821631706462
[20.7     0.6075]
0.9909461144846665
0.9911833901903299
[20.7     0.6075]
0.9911285280772443
0.9911913429611656
[20.7     0.6075]
0.9911810933905807
0.9912014193061677
[20.7     0.6075]
0.9912022484886565
[20.7     0.6075]
0.9911701933044929
0.9912170098584042
[20.83027344  0.60001172]
0.9912124389482859
0.9912188964621156
[20.59106445  0.60631348]
0.991210404317818
0.9912202669890796
[20.70533447  0.6053313 ]
0.9912162881466466
0.9912192881397683
[20.70533447  0.6053313 ]
0.9912181851705428
0.9912197828789429
[20.70533447  0.6053313 ]
0.9912190456303184
0.9912195806815361
[20.70533447  0.6053313 ]
0.9912203682594952
0.9912190704927915
[20.65188885  0.60645407]
0.9912190938834218
0.9912195324569042
0.991219593413547
0.9912201615543816
[20.65188885  0.60645407]
0.9912196995602804
0.9912196883117111
0.9912196948459531
0.9912189983326115
[20.65188885  0.60645407]
0.9912202025537361
[20.65188885  0.60645407]
0.9912194980284318
0.99121990134625
[20.65188885  0.60645407]
0.9912197907155536
0.9912197486307062
0.9912198815963479
0.9912196281487413
[20.65188885  0.60645407]
0.9912196083110218
0.9912196545392313
[20.65188885  0.60645407]
0.9912175300727222
0.9912195632232704
0.9912195765548175
0.99121982568405
[20.65188885  0.60645407]
0.991219333061774
0.9912202003894578
[20.65188885  0.60645407]
0.9912191193721
0.9912197714598108
0.991219890224642
0.9912196088141147
[20.65188885  0.60645407]
0.991220544598401
0.991219208501151
[20.65152817  0.60646054]
0.9912193151103008
0.9912198330740438
0.9912202160166139
0.9912203010936489
[20.65152817  0.60646054]
0.9912198527446996
0.9912198036333483
0.9912198656221606
0.991219734404103
[20.65152817  0.60646054]
0.9912195592492747
0.9912198159600338
[20.65152817  0.60646054]
0.9912195040489266
0.9912193048271574
0.9912195639447687
0.9912194091625183
[20.65152817  0.60646054]
0.991220544598401
Phase:  [0.4396296  0.04481575 0.04472261 0.04449491]
Final Fidelity:  0.991220544598401
Final Params:  [20.65152817  0.60646054]
