Optimizing ARP for b =  10.0
Optimizing Delta, T, and phases
0.8852049171696683
0.8911450386112074
0.8882485830158285
0.8930934203021836
0.8898940187468268
[24.15   0.567]
0.895785586897026
0.8942930955157832
[25.3   0.54]
0.89547116335332
[25.3   0.54]
0.8992825414635053
0.8970581172997737
[26.45  0.54]
0.8873361211350345
0.8984106507497411
[26.45  0.54]
0.9001163873917263
0.8973385482370642
[26.7375  0.5535]
0.9015438184539952
0.9015382737706776
[27.6   0.54]
0.8998574620244544
0.9010597447541906
[27.6   0.54]
0.902000087279697
0.9006811965404359
[28.390625  0.536625]
0.8987824009294485
0.901904186732895
[28.390625  0.536625]
0.9023836562661849
0.9023525907059124
[28.55234375  0.54084375]
0.9020992106640815
[28.55234375  0.54084375]
0.9025582457632775
0.9024323167098875
[29.34296875  0.53746875]
0.9018279546938472
0.902440116583059
[29.34296875  0.53746875]
0.9023756585587285
0.902493633447298
[29.34296875  0.53746875]
0.9024443042046805
0.9025147471850071
[29.34296875  0.53746875]
0.9025202306239776
[29.34296875  0.53746875]
0.9025415467170437
[29.34296875  0.53746875]
0.9025486831870477
[29.34296875  0.53746875]
0.9025120326850662
0.9025587922899265
[29.62780151  0.53636792]
0.9025400416586361
0.9025596750090523
[29.51890106  0.53636298]
0.9025409835422021
0.9025616491532357
[29.45816002  0.5369171 ]
0.9025560139021925
0.9025613310403223
[29.45816002  0.5369171 ]
0.9025602888667053
0.9025617312587131
[29.502794    0.53688432]
0.9025600777826394
0.9025620092233447
[29.51932152  0.53670234]
0.9025607517253489
0.9025621081879671
[29.48460889  0.53685522]
0.9025620028508674
0.9025622014058061
[29.50155081  0.53672601]
0.902562122310349
[29.50155081  0.53672601]
0.9025612640150721
0.9025623826312276
[29.48440169  0.53682883]
0.9025619811375628
0.9025622408813155
[29.48440169  0.53682883]
0.9025621204134583
0.9025622867081714
[29.48440169  0.53682883]
0.9025622488478395
0.9025624152949078
[29.49223713  0.53679049]
0.902562201982275
0.9025622364864857
0.9025622239701201
0.902562219003094
[29.49223713  0.53679049]
0.902562182669232
0.9025622087793737
0.9025622662242472
0.9025622623071574
[29.49223713  0.53679049]
0.9025623393876051
[29.49223713  0.53679049]
0.902562278646692
0.9025621802444211
0.9025622565992376
0.9025621554255336
[29.49223713  0.53679049]
0.9025623217884492
[29.49223713  0.53679049]
0.902562282150478
0.9025622193347027
0.9025624740052018
0.9025621885575139
[29.49226116  0.53679131]
0.9025621869667356
0.902562187112283
0.9025624408208293
0.902562226785885
[29.49226116  0.53679131]
0.9025622936436074
0.9025621996545865
0.902562468778386
0.9025623815280253
[29.49226116  0.53679131]
0.9025621926888735
0.9025624123301944
[29.49226116  0.53679131]
0.9025624740052018
Phase:  [ 1.31111491 -0.01105502 -0.01130311 -0.01128066]
Final Fidelity:  0.9025624740052018
Final Params:  [29.49226116  0.53679131]
