Optimizing ARP for b =  170.0
Optimizing Delta, T, and phases
0.9834368331252937
0.9826415662902492
0.9830183290297142
0.98341014356722
[23.    0.54]
0.9839842164322881
0.9846765086563087
[21.275   0.5265]
0.9841101268219029
[21.275   0.5265]
0.9825596021854914
0.9839376479863688
[21.275   0.5265]
0.984847756936027
0.9825596021854914
[21.275   0.4995]
0.9853500158350761
0.9847399657102208
[20.125   0.5265]
0.9837705197485199
0.9851018964989666
[20.125   0.5265]
0.983947770297973
0.9852676640555205
[20.125   0.5265]
0.9855574641796608
0.9853910309031263
[20.053125   0.5180625]
0.9852861621382254
0.9854785949218197
[20.053125   0.5180625]
0.9855214142497213
[20.053125   0.5180625]
0.9850625377313487
0.9855899148161241
[19.75214844  0.52323047]
0.9854825223323056
0.9855805506716021
[19.75214844  0.52323047]
0.9855871263582896
[19.75214844  0.52323047]
0.9855089234493858
0.9855990138248799
[19.67774658  0.52209009]
0.9855749202424674
0.9855963267000241
[19.67774658  0.52209009]
0.985586615256266
0.9855970862269099
[19.67774658  0.52209009]
0.9855910222875561
0.9855991267514319
[19.6341013   0.52325508]
0.9855961718073508
0.9855992957771056
[19.67367005  0.52289364]
0.985592363292825
0.9855993646439828
[19.66581613  0.52258223]
0.9855941360597285
0.985598929543916
0.9855989071827477
0.985599097334386
[19.66581613  0.52258223]
0.9855997787594989
0.9855987416649508
[19.64603175  0.52276295]
0.9855996147819494
[19.64603175  0.52276295]
0.9855991089034433
0.9856000302486421
[19.65988829  0.52258848]
0.9855987601080318
0.9856009714790694
[19.65742459  0.52255112]
0.9855934043064032
0.9855989634712174
0.9855991051340702
0.9855992377817999
[19.65742459  0.52255112]
0.9856002380883659
[19.65742459  0.52255112]
0.9855992754801124
0.9855986236353655
0.9855990058033599
0.985599246719342
[19.65742459  0.52255112]
0.9855991898027543
0.9855993538605121
[19.65742459  0.52255112]
0.9855945792008043
0.9856001310504512
[19.65742459  0.52255112]
0.9855996072129524
0.9855995364669418
0.9855995834015712
0.9855998416712948
[19.65742459  0.52255112]
0.9855987882459372
0.9855994243226206
0.9855991361948113
0.985599341530092
[19.65742459  0.52255112]
0.9855998117347999
[19.65742459  0.52255112]
0.9855994802049511
0.9855992068308261
0.9856003111979952
0.9855996635168325
[19.65742459  0.52255112]
0.9855934944080713
0.9855996782735152
[19.65742459  0.52255112]
0.9855994376718523
0.9856001966201855
[19.65742459  0.52255112]
0.9856010756756535
0.9855994362467315
[19.65738467  0.52255117]
0.9855992699308793
0.9855992598054609
0.9856010311351503
0.9855992853257207
[19.65738467  0.52255117]
0.9856010756756535
Phase:  [0.60934614 0.06226356 0.0625569  0.0623322 ]
Final Fidelity:  0.9856010756756535
Final Params:  [19.65738467  0.52255117]
