Optimizing ARP for b =  130.0
Optimizing Delta, T, and phases
0.9755281693508508
0.9748338617777527
0.9742428980299656
0.9755135747291487
[23.    0.54]
0.9764986061176409
0.9773903028446068
[22.425   0.4995]
0.9770347726240174
[22.425   0.4995]
0.9762420239158925
0.9780236334400467
[21.275   0.4995]
0.9771327912504778
0.9776261870331824
[21.275   0.4995]
0.9769024777645665
0.9777201293916489
[21.275   0.4995]
0.9779541839135714
[21.275   0.4995]
0.9781247704682077
0.977960927889811
[20.4125  0.513 ]
0.9778721097871448
0.9780680109547294
[20.4125  0.513 ]
0.9779222268463791
0.9780985377471052
[20.4125  0.513 ]
0.9781124221143008
[20.4125  0.513 ]
0.9780343908769186
0.9781299525043514
[20.69775391  0.50825391]
0.9781047977445336
0.9781295582578569
[20.69775391  0.50825391]
0.9781041961242776
0.9781327255130396
[20.49827271  0.51114771]
0.9781259156439284
0.9781332094688466
[20.53417511  0.51001886]
0.9781258839676044
0.9781317418898916
[20.53417511  0.51001886]
0.9781304852689701
0.9781334427916522
[20.56160641  0.51000094]
0.9781297257200625
0.9781319909302637
0.9781329073944125
0.9781326704012867
[20.56160641  0.51000094]
0.978132819907438
0.978132526364622
0.9781330141662871
0.9781326407161713
[20.56160641  0.51000094]
0.9781330556538148
[20.56160641  0.51000094]
0.978132560237498
0.9781327057074705
0.9781324334232921
0.9781337459267945
[20.5581775   0.51000318]
0.9781339301122806
0.9781328036441335
[20.55368969  0.51014428]
0.9781294131578255
0.9781329633017118
0.9781330646945039
0.9781328948641156
[20.55368969  0.51014428]
0.9781331052572573
[20.55368969  0.51014428]
0.9781337990455089
[20.55368969  0.51014428]
0.9781254402389007
0.9781286168361428
0.9781324368505535
0.9781328964621253
[20.55368969  0.51014428]
0.978133104095694
[20.55368969  0.51014428]
0.9781322731404722
0.9781337323278703
[20.55368969  0.51014428]
0.9781337938535382
[20.55368969  0.51014428]
0.9781337628521016
0.9781332378965399
0.9781327200265277
0.9781339572721649
[20.55361563  0.51014001]
0.9781331503224755
0.9781339696171296
[20.55395167  0.5101344 ]
0.9781341218002639
0.97813270818519
[20.5538776   0.51013013]
0.9781336193348347
0.9781329949191724
0.9781227598200706
0.9781338383875215
[20.5538776   0.51013013]
0.9781226462542181
0.9781227392538419
0.9781226997554626
0.978133157192225
[20.5538776   0.51013013]
0.9781341218002639
Phase:  [0.77833375 0.07621707 0.07600468 0.07615181]
Final Fidelity:  0.9781341218002639
Final Params:  [20.5538776   0.51013013]
