Optimizing ARP for b =  70.0
Optimizing Delta, T, and phases
0.7060852749767035
0.7085111981173632
0.6981121191063566
0.7163267956452555
0.725204246502045
[24.725  0.486]
0.7277187631239952
0.7385816353969167
[27.3125  0.459 ]
0.755146923366569
0.7792890314344127
[29.75625  0.3375 ]
0.7916503938207539
0.7795229381653254
[32.34375  0.3105 ]
0.7746685709652271
0.7953120805928885
[32.91875  0.2565 ]
0.7838339567008268
0.7964682807828539
[34.06875  0.2565 ]
0.7724590901451623
0.7968577918400824
[32.91875  0.2835 ]
0.7984680685917155
0.7975464970416721
[34.06875  0.2835 ]
0.7926751702117388
0.7979068981021933
[34.06875  0.2835 ]
0.7988960417403688
0.798187244174459
[34.93125  0.27   ]
0.799659611642346
0.7995460439441118
[35.21875  0.2835 ]
0.7993506410277456
[35.21875  0.2835 ]
0.8004016197307233
0.8000053941665124
[36.36875  0.2835 ]
0.7983857177341989
0.8001626436281669
[36.36875  0.2835 ]
0.8004599421867851
0.7996755761348441
[37.0875   0.27675]
0.8006672671602626
0.8003077259646763
[37.51875  0.2835 ]
0.800251156749137
0.8006290465688104
[37.51875  0.2835 ]
0.8002189681676928
0.8006728029093374
[37.13242188  0.27970313]
0.8007071106046384
0.800606835468348
[37.81523438  0.28139063]
0.8005441003455089
0.8007166180973794
[37.49628906  0.28202344]
0.8005885905328514
0.800716929961877
[37.3940918   0.28070508]
0.8006867937837113
0.8007205634407013
[37.6302124   0.28137744]
0.8007026100047592
0.8007223727644415
[37.50422058  0.28153235]
0.8007068406220075
0.8007221087503906
[37.50422058  0.28153235]
0.800717824127263
0.8007226313918367
[37.56132488  0.2813418 ]
0.8007190763521932
0.800722808759157
[37.50671344  0.28125853]
0.8007218576644689
0.8007226801014274
[37.50671344  0.28125853]
0.8007230923498299
0.8007210660002257
[37.46450843  0.28133299]
0.8007205190669159
0.8007229116010999
[37.46450843  0.28133299]
0.8007224248178214
0.8007229556302324
[37.46450843  0.28133299]
0.8007216442675477
0.8007226967558461
0.8007229364328609
0.8007229390672432
[37.46450843  0.28133299]
0.8007227979389147
0.8007217150457444
0.8007224796781217
0.8007222813738222
[37.46450843  0.28133299]
0.8007224523022644
0.800722790004166
[37.46450843  0.28133299]
0.8007229588518182
[37.46450843  0.28133299]
0.8007221573929449
0.8007224526361357
0.8007224956639233
0.8007221515377994
[37.46450843  0.28133299]
0.800722667042812
[37.46450843  0.28133299]
0.8007223301730557
0.800722293940476
0.8007220700133606
0.8007218556261543
[37.46450843  0.28133299]
0.8007223101032188
[37.46450843  0.28133299]
0.8007221590032202
0.800723123895334
[37.46507696  0.28133216]
0.8007226541615203
0.8007206538382394
0.8007224104992309
0.8007223402084344
[37.46507696  0.28133216]
0.8007214854223709
0.8007224305189224
[37.46507696  0.28133216]
0.8007222528139475
0.8007226249523711
[37.46507696  0.28133216]
0.8007220830394682
0.8007204665339189
0.8007224174254506
0.8007226125224984
[37.46507696  0.28133216]
0.8007225588353798
0.8007225193220459
0.800722476897616
0.8007222448410374
[37.46507696  0.28133216]
0.8007222559926797
0.800722302781713
[37.46507696  0.28133216]
0.8007222650664595
0.8007222932905811
0.8007222866546203
0.8007222256660773
[37.46507696  0.28133216]
0.800723123895334
Phase:  [-2.00041667  0.64669409  0.64646863]
Final Fidelity:  0.800723123895334
Final Params:  [37.46507696  0.28133216]
