Optimizing ARP for b =  10.0
Optimizing Delta, T, and phases
0.8333928540083151
0.8453199285399228
0.8309297579027044
0.8538487823032783
0.8561499567510152
[24.725  0.486]
0.869234047264312
0.8742284089853074
[27.3125  0.459 ]
0.8737986010473107
[27.3125  0.459 ]
0.8799521749730288
0.8615045460422498
[30.475  0.378]
0.8923202476348225
0.8966924621108326
[30.90625  0.4455 ]
0.8847971007957378
[30.90625  0.4455 ]
0.9021933229515117
0.9134437672188108
[36.5125  0.459 ]
0.9201125150490914
0.9084128370389548
[33.35  0.54]
0.911179691766284
0.9276541879142106
[36.94375  0.5265 ]
0.9058088913604924
0.9260424616600068
[36.94375  0.5265 ]
0.9265660289499769
[36.94375  0.5265 ]
0.9265969942063246
[36.94375  0.5265 ]
0.9123009790938312
0.9263990723322533
0.927793178056251
0.926001653754751
[38.740625  0.51975 ]
0.9326207438178893
0.9135873687008383
[37.50078125  0.5416875 ]
0.9320772939129732
[37.50078125  0.5416875 ]
0.9123009807033049
0.9322206990234022
[37.50078125  0.5416875 ]
0.9326056545460841
[37.50078125  0.5416875 ]
0.9310816665477367
0.9336586710800683
[37.85341797  0.53388281]
0.9309072227284584
0.9338387594999723
[37.22507324  0.5367832 ]
0.9304762620426696
0.9339356218209928
[37.52001343  0.53851025]
0.9335373403480223
0.933962186793811
[37.61298065  0.53576477]
0.9338485514355634
0.9340100479100342
[37.73720894  0.53731467]
0.9338425463479642
0.9340376954527103
[37.59755411  0.53752499]
0.9335668783292883
0.934057580082288
[37.64018109  0.5365923 ]
0.9340432177352892
[37.64018109  0.5365923 ]
0.9339351575337211
0.934066406635627
[37.58395389  0.53711122]
0.9340540883090105
0.934064737409614
[37.58395389  0.53711122]
0.9340489879366948
0.9340691579032598
[37.63303854  0.53679304]
0.9340663102868337
0.9340671622345107
[37.63303854  0.53679304]
0.934074402487931
0.934059311730609
[37.62790993  0.53667184]
0.9340637422056398
0.9340660124190534
0.9340674465266564
0.9340671437240966
[37.62790993  0.53667184]
0.9340633217210931
0.93406729152803
[37.62790993  0.53667184]
0.934065737738094
0.9340658525859722
0.9340637513829958
0.9340617671215674
[37.62790993  0.53667184]
0.934063907453877
[37.62790993  0.53667184]
0.9340634866539321
0.9340650166895077
[37.62790993  0.53667184]
0.9340659519241666
[37.62790993  0.53667184]
0.9340604676715373
0.9340648130350444
0.9340653636564596
0.9340642769490975
[37.62790993  0.53667184]
0.9340659156644965
[37.62790993  0.53667184]
0.9340645893722913
0.9340655129845106
[37.62790993  0.53667184]
0.9340654077302954
0.9340651876397477
0.9340641860767791
0.9340634291693402
[37.62790993  0.53667184]
0.9340655593808466
[37.62790993  0.53667184]
0.9340655596635916
[37.62790993  0.53667184]
0.9340654848592324
0.9340666652440126
[37.62790993  0.53667184]
0.9340654343330558
0.9340654968933185
0.9340755681006626
0.9340650244152175
[37.62785215  0.5366712 ]
0.9340660855241822
0.9340637077984151
0.9340746579617645
0.9340730489034927
[37.62785215  0.5366712 ]
0.9340640081346431
0.9340740269712072
[37.62785215  0.5366712 ]
0.9340666941121889
0.9340744153502348
[37.62785215  0.5366712 ]
0.9340755681006626
Phase:  [ 0.16921164 -0.27056608 -0.27061644 -0.27104331 -0.27046303]
Final Fidelity:  0.9340755681006626
Final Params:  [37.62785215  0.5366712 ]
