Optimizing ARP for b =  10.0
Optimizing Delta, T, and phases
0.7247976479316797
0.7336754495135069
0.8171997097130513
0.8309678746250918
0.8789429605866765
[24.725   0.5805]
0.9232331639445416
0.9528204531052269
[23.2875   0.64125]
0.9584131236671148
0.8528379952673992
[25.0125   0.65475]
0.8306876952469683
0.9434975763155218
[25.0125   0.65475]
0.9188269250696512
0.9578506686662566
[25.0125   0.65475]
0.9685969568031739
0.9690960048747644
[27.384375   0.6463125]
0.920977220585149
0.9668551673938125
[27.384375   0.6463125]
0.9784340416385233
0.9830208837918268
[28.92070313  0.62121094]
0.9842074550279722
0.9845295781978355
[33.96542969  0.61962891]
0.9850121611133914
0.9595086295605678
[35.50175781  0.59452734]
0.9833867139497691
0.9867703121535961
[37.64003906  0.60001172]
0.9690943268317131
0.9881471046985201
[35.26816406  0.60844922]
0.979812052259172
0.9876061889836297
[35.26816406  0.60844922]
0.9888794225707475
0.9876273895074605
[33.60605469  0.60781641]
0.9878129689817693
0.9886028169841315
[33.60605469  0.60781641]
0.9882306368960473
0.9888059239810132
[33.60605469  0.60781641]
0.9878010288594568
0.9889170338681711
[33.43998413  0.61096399]
0.9889201371871925
0.9887106516546924
[34.22555542  0.60776038]
0.9886889127888194
0.988960018774044
[33.71941223  0.60858929]
0.9887640940464533
0.9889636835480746
[33.70623398  0.60956941]
0.9889211110346933
0.988958189922784
[33.70623398  0.60956941]
0.9889564023678692
0.9889669523455685
[33.58464003  0.6094091 ]
0.9889405153786468
0.9889684792608633
[33.68242462  0.60903927]
0.9889505662900735
0.9889687262640481
[33.66988315  0.6093968 ]
0.9889686672872405
[33.66988315  0.6093968 ]
0.9889643537351921
0.9889694815973519
[33.70060003  0.60912558]
0.9889677229065752
0.9889695960352181
[33.72645467  0.60914408]
0.9889683399198467
0.9889693927927943
[33.72645467  0.60914408]
0.9889691625171275
0.9889695039145461
[33.72645467  0.60914408]
0.9889688521762314
0.9889695658261362
[33.72645467  0.60914408]
0.988969671614391
0.9889692479277022
[33.73140612  0.60909265]
0.9889690795639674
0.9889694876906884
0.9889694293613104
0.9889695917888495
[33.73140612  0.60909265]
0.9889695352311018
0.9889695064613298
0.9889694630568875
0.9889694054605782
[33.73140612  0.60909265]
0.9889697724865335
0.9889694974130685
[33.7266844   0.60909385]
0.9889694408533604
0.9889694338125615
0.9889694255592258
0.9889694352759563
[33.7266844   0.60909385]
0.9889694989592874
[33.7266844   0.60909385]
0.9889694839789681
0.9889694776121079
0.9889695376816943
0.9889694856599103
[33.7266844   0.60909385]
0.9889694248235237
0.9889694523870267
0.9889694517414809
0.9889697579444209
[33.7266844   0.60909385]
0.9889694457437118
0.988969383431047
0.9889694998117525
0.9889694927278712
[33.7266844   0.60909385]
0.9889694444172491
0.9889695132389867
[33.7266844   0.60909385]
0.9889697613468532
[33.7266844   0.60909385]
0.9889694719613157
0.9889697486120181
[33.7266844   0.60909385]
0.9889698118273152
0.9889694642445888
[33.72669103  0.60909341]
0.9889694640301787
0.9889694632308625
0.988969795898899
0.9889694684956107
[33.72669103  0.60909341]
0.9889698118273152
Phase:  [ 3.02972797 -0.02745319 -0.02746883]
Final Fidelity:  0.9889698118273152
Final Params:  [33.72669103  0.60909341]
