Optimizing ARP for b =  70.0
Optimizing Delta, T, and phases
0.9589332834686599
0.9587808181808101
0.9562508853242742
0.961103094694954
0.9626817715724145
[24.725  0.486]
0.9633767393773289
0.9652801761335581
[23.2875  0.459 ]
0.9645597572196024
[23.2875  0.459 ]
0.9609837299247962
0.9643542880072288
[23.2875  0.459 ]
0.9665969200539014
0.9609837331052941
[23.8625  0.405 ]
0.9652016111067798
0.9660399151899018
[23.8625  0.405 ]
0.9655073705464596
0.9672580034673436
[23.3953125  0.408375 ]
0.9565943641010675
0.9669162410964801
[23.3953125  0.408375 ]
0.9669125391896259
0.9671698809420004
[23.3953125  0.408375 ]
0.9673819821951604
0.9663941076002085
[23.19990234  0.40563281]
0.965257990654358
0.967415125934133
[23.1723877   0.41517773]
0.9676211960620874
0.9676971001455517
[22.76781006  0.41446582]
0.9672446824714271
0.9675579968200495
[22.76781006  0.41446582]
0.9678177181467714
0.9678612110443797
[22.43444061  0.4066842 ]
0.9679375868422305
0.9678517911629175
[22.11725006  0.41092273]
0.9675347983529835
0.9678699009762654
[22.11725006  0.41092273]
0.9677775238670837
0.9679229860439497
[22.11725006  0.41092273]
0.9679334538819724
[22.11725006  0.41092273]
0.9678821956142218
0.9679517030941143
[22.21091042  0.40928879]
0.9679090348947345
0.9679552899566548
[22.06824617  0.40918764]
0.9679256069787844
0.967958016910362
[22.12841418  0.41008047]
0.9679528807189433
0.9679579177537463
[22.12841418  0.41008047]
0.9679520889447434
0.9679561004355495
[22.12841418  0.41008047]
0.9679567511762355
0.9679568138653613
[22.12841418  0.41008047]
0.9679589547644487
0.9679561004355495
[22.08098188  0.4097546 ]
0.967949858316322
0.9679458224079676
0.9679576631785792
0.9679590242044883
[22.06151097  0.40978065]
0.9679479521256872
0.9679572610015543
0.9679584714117082
0.9679575303071559
[22.06151097  0.40978065]
0.9679578896949856
0.9679562286603955
0.9679580321428297
0.9679578358302635
[22.06151097  0.40978065]
0.9679582879779601
[22.06151097  0.40978065]
0.9679584146847697
[22.06151097  0.40978065]
0.9679570346654781
0.9679574434306205
0.9679581943618478
0.9679591941227048
[22.05854645  0.40976028]
0.9679563611589517
0.967958052544685
0.9679565825665101
0.9679586183432397
[22.05854645  0.40976028]
0.9679574434306205
0.9679565086594105
0.9679588442386545
0.9679560160291135
[22.05854645  0.40976028]
0.9679566301486768
0.9679576998350432
[22.05854645  0.40976028]
0.9679569480818939
0.9679566969861494
0.9679591007282492
0.9679567835836813
[22.05854645  0.40976028]
0.9679484495807263
0.9679571852769333
[22.05854645  0.40976028]
0.9679465834923106
0.9679580583258602
[22.05854645  0.40976028]
0.9679456597934281
0.9679585356294832
[22.05854645  0.40976028]
0.9679451976750801
0.9679589270899825
[22.05854645  0.40976028]
0.9679546319792054
0.9679590503434023
[22.05854645  0.40976028]
0.9679571582246272
0.9679590614792348
[22.05854645  0.40976028]
0.9679571083386705
0.9679591243011189
[22.05854645  0.40976028]
0.9679571405832488
0.9679591450600021
[22.05854645  0.40976028]
0.9679571245293903
0.9679591435590805
[22.05854645  0.40976028]
0.967959198764345
0.9679571259242461
[22.05848054  0.40976037]
0.9679571864182295
0.9679591798628652
[22.05848054  0.40976037]
0.967959198764345
Phase:  [1.22621023 0.01356655 0.01362779 0.01342306 0.01322421]
Final Fidelity:  0.967959198764345
Final Params:  [22.05848054  0.40976037]
