Optimizing ARP for b =  150.0
Optimizing Delta, T, and phases
0.985629216451686
0.9848740857312971
0.9855425892891657
0.9858882676753503
0.9856027791983557
[21.85   0.567]
0.9861351050417374
0.986665980736431
[21.275   0.5265]
0.9858790261827357
0.986116438535892
[21.275   0.5265]
0.9872203534950394
0.9765727218635344
[20.26875   0.509625]
0.9848543476251531
0.9866663587923399
[20.26875   0.509625]
0.9874176324937608
0.9853649592117887
[19.8015625   0.51721875]
0.9794951668452362
0.9873017734633365
[19.8015625   0.51721875]
0.9872158902563697
0.9874408564721774
[20.19013672  0.51505664]
0.9860840491630216
0.9874787649893533
[20.20866699  0.51994775]
0.9873395909657541
0.9874822776413736
[20.00048218  0.51736047]
0.9875096499938044
0.9874589521730125
[20.01901245  0.52225159]
0.9875052538503081
[20.01901245  0.52225159]
0.9875059670731867
[20.01901245  0.52225159]
0.9873742154793087
0.9875346194351269
[19.86750641  0.52153391]
0.9875119684494924
[19.86750641  0.52153391]
0.9874979032367825
0.9875232767925091
[19.86750641  0.52153391]
0.9875330874992825
[19.86750641  0.52153391]
0.9875347835065232
0.9875192011146441
[19.67785187  0.52383774]
0.9875300994504561
0.9875367763831152
[19.78684883  0.52315322]
0.9875252001907696
0.9875374971377046
[19.79992838  0.52251469]
0.9875318541741448
0.9875372375047459
[19.79992838  0.52251469]
0.9875373223452146
[19.79992838  0.52251469]
0.9875360950403884
0.9875390511125067
[19.75496716  0.52297093]
0.9875367787344604
0.9875372016152684
0.9875389843953787
0.9875373787865936
[19.75496716  0.52297093]
0.987537685131833
0.9875378195585446
[19.75496716  0.52297093]
0.9875366262300145
0.9875367178046753
0.9875376759064765
0.9875374900804288
[19.75496716  0.52297093]
0.9875381600478517
[19.75496716  0.52297093]
0.9875392642717882
0.9875383326060226
[19.74575351  0.52302227]
0.9875389478434624
0.9875391024222882
[19.74575351  0.52302227]
0.9875373457449225
0.9875371312027448
0.9875365947041777
0.987537063023878
[19.74575351  0.52302227]
0.9875324691994892
0.9875373746590169
[19.74575351  0.52302227]
0.9875250844457619
0.987538342798214
[19.74575351  0.52302227]
0.9875367603875878
0.9875390381591246
[19.74575351  0.52302227]
0.9875387135909116
0.9875370534167508
0.9875389047978234
0.9875387361488334
[19.74575351  0.52302227]
0.9875375890928866
0.9875391473670232
[19.74575351  0.52302227]
0.987538979753733
0.9875389790904636
0.987538947908312
0.9875376224504265
[19.74575351  0.52302227]
0.9875376735170767
0.9875376388544375
0.9875376263811683
0.9875384109831218
[19.74575351  0.52302227]
0.9875384469443882
[19.74575351  0.52302227]
0.9875385945937587
[19.74575351  0.52302227]
0.9875384481983154
0.9875384423363542
0.9875384436169772
0.9875396813233368
[19.74573587  0.52302249]
0.9875396813233368
Phase:  [0.70513614 0.00973641 0.00990609 0.0097745  0.00989182]
Final Fidelity:  0.9875396813233368
Final Params:  [19.74573587  0.52302249]
