Optimizing ARP for b =  150.0
Optimizing Delta, T, and phases
0.9802619550770053
0.9795071606241226
0.9794898150598255
0.9796696463219532
[23.    0.54]
0.9807295498255371
0.9814142215654015
[22.425   0.4995]
0.981603250802879
0.9818830986303705
[19.8375   0.53325]
0.9746514915355575
0.9810771161569372
[19.8375   0.53325]
0.9818972121057146
0.9746514969382357
[20.196875   0.5045625]
0.9810210721774784
0.9822315362877805
[21.22109375  0.50920312]
0.9808910827599969
0.9824559497192773
[20.27324219  0.52006641]
0.9816756182291994
0.9824274818358748
[20.27324219  0.52006641]
0.9824782494586
0.9820173207410059
[19.52416992  0.52046191]
0.9822276099963942
0.9825162165945835
[20.18536377  0.5149314 ]
0.9820718698337969
0.9825385611445696
[20.06400452  0.51888153]
0.9824223718588032
0.9825356606892119
[20.06400452  0.51888153]
0.9825197632772311
0.9825389461356148
[19.82364178  0.52070859]
0.9824966613938906
0.9825448968142458
[19.88412509  0.51923962]
0.982523614730466
0.9825425261673596
[19.88412509  0.51923962]
0.982545717990737
0.9825386152019194
[20.01942729  0.51795885]
0.9825410077012289
0.982544731834873
[20.01942729  0.51795885]
0.9825444297549377
0.9825462216205716
[19.95356814  0.51880638]
0.9825419128170936
0.9825465073148912
[19.9353114   0.51881112]
0.982544866059055
0.9825455247526619
0.9825462790627991
0.9825460742030385
[19.9353114   0.51881112]
0.9825445370149218
0.9825448456747131
0.9825473262017774
0.9825445704109678
[19.93987558  0.51880994]
0.9825454182306692
0.9825455914559089
[19.93987558  0.51880994]
0.9825455662158065
0.9825451021340309
0.982546334153813
0.9825451263760374
[19.93987558  0.51880994]
0.982545305546934
0.9825422962211875
0.9825454399269377
0.9825454422873843
[19.93987558  0.51880994]
0.982546124515541
[19.93987558  0.51880994]
0.9825461709793349
[19.93987558  0.51880994]
0.9825458163291338
0.9825462633580988
[19.93987558  0.51880994]
0.9825469111397283
[19.93987558  0.51880994]
0.9825454399269377
0.9825454025922764
0.982545425408656
0.9825459426095768
[19.93987558  0.51880994]
0.9825456938232382
0.9825392829313779
0.9825453607570269
0.9825458657155938
[19.93987558  0.51880994]
0.9825453526398849
0.9825459519434085
[19.93987558  0.51880994]
0.9825460541051801
[19.93987558  0.51880994]
0.9825467682019875
[19.93987558  0.51880994]
0.9825453482363844
0.9825453639665793
0.9825458424520074
0.9825468149066103
[19.93987558  0.51880994]
0.9825370670029545
0.9825452580718079
0.9825456783505011
0.9825454938094678
[19.93987558  0.51880994]
0.9825461753069138
[19.93987558  0.51880994]
0.9825473262017774
Phase:  [0.68633223 0.06917107 0.0689572  0.06922871]
Final Fidelity:  0.9825473262017774
Final Params:  [19.93987558  0.51880994]
