Optimizing ARP for b =  50.0
Optimizing Delta, T, and phases
0.9396978905448619
0.9385754574618513
0.9385879154447389
0.9384862873034442
0.9390631040848864
[23.    0.54]
0.9400376369193956
0.9403251710598344
[23.8625    0.496125]
0.9416541113470858
0.9430526681078987
[23.14375    0.4606875]
0.9412567939246673
[23.14375    0.4606875]
0.9411068177212941
0.9435904477122066
[23.43125    0.4100625]
0.9443354894316999
0.9442943913465212
[22.56875    0.4539375]
0.9453537184672212
0.9396322386975642
[22.85625    0.4033125]
0.9452792662388849
[22.85625    0.4033125]
0.9462994025818349
0.9349812412931199
[22.28125    0.3965625]
0.9240541759396173
0.9460163010950068
[22.28125    0.3965625]
0.9473388781742768
0.9474362106942354
[21.13125    0.4235625]
0.9475135220920365
0.9412544318068382
[21.13125    0.3965625]
0.9477389274228979
0.9446491266455612
[19.98125    0.4235625]
0.9466299875431302
0.9482029561534111
[20.84375    0.4168125]
0.9449142641382586
0.9486051528904919
[20.771875  0.408375]
0.9476800546235724
0.9482986420071271
[20.771875  0.408375]
0.948733506716241
0.9485659466055646
[20.32265625  0.40964062]
0.9480731867904962
0.948593427531555
[20.32265625  0.40964062]
0.948540537248421
0.9486714272554342
[20.32265625  0.40964062]
0.948685471914308
[20.32265625  0.40964062]
0.9486732010617684
0.948714658417283
[20.32265625  0.40964062]
0.9487196835536755
[20.32265625  0.40964062]
0.9486506406511909
0.9487346730181415
[20.17062378  0.40993396]
0.9487179564861755
0.9487320907136709
[20.17062378  0.40993396]
0.9487319474495207
0.9487354412468826
[20.25876541  0.40936501]
0.9487270355056519
0.9487373019640993
[20.26867542  0.40964505]
0.9487296136853969
0.9487354843162856
[20.26867542  0.40964505]
0.9487365743902183
[20.26867542  0.40964505]
0.9487261166325016
0.9487354676853954
0.9487363464960723
0.9487374851959158
[20.24292376  0.40968227]
0.9487358609188385
0.948737045701731
[20.24292376  0.40968227]
0.9487363063501855
0.9487293213696528
0.9487381550387737
0.9487255754349628
[20.25579959  0.40966366]
0.9487353628671406
0.9487359731236927
[20.25579959  0.40966366]
0.9487362172046354
0.9487276536335871
0.9487374610638719
0.9487363990967682
[20.25579959  0.40966366]
0.9487294829544699
0.9487370726177414
[20.25579959  0.40966366]
0.948736226928838
0.9487351274155508
0.9487362804905762
0.9487365320789997
[20.25579959  0.40966366]
0.9487380511550702
[20.25579959  0.40966366]
0.9487360701631959
0.9487380850640438
[20.25579959  0.40966366]
0.948738285106938
0.9487355710119844
[20.2537568   0.40966719]
0.9487349943673343
0.9487366839298244
0.9487383130847411
0.9487366715349453
[20.2547782   0.40966543]
0.9487360118960131
0.9487375056097339
[20.2547782   0.40966543]
0.9487374994679155
0.9487379028480997
[20.2547782   0.40966543]
0.9487387034393047
0.9487375101732128
[20.25417852  0.40966669]
0.9487386893503882
[20.25417852  0.40966669]
0.9487375020615465
0.9487385025783484
[20.25417852  0.40966669]
0.9487370782411665
0.9487386071513281
[20.25417852  0.40966669]
0.94873879951323
0.9487370780856
[20.25466697  0.4096659 ]
0.9487387773314506
[20.25466697  0.4096659 ]
0.9487370885537365
0.9487387470095343
[20.25466697  0.4096659 ]
0.9487370470098015
0.9487387779775998
[20.25466697  0.4096659 ]
0.9487369715360036
0.9487387951078938
[20.25466697  0.4096659 ]
0.9487369993144056
0.948738786820409
[20.25466697  0.4096659 ]
0.9487387924876675
0.9487388000691499
[20.25439514  0.40966637]
0.948737021342283
0.9487388009150116
[20.25428052  0.40966657]
0.9487388168463682
0.9487387627961281
[20.25400869  0.40966704]
0.9487387802020952
0.9487388108894407
[20.25400869  0.40966704]
0.9487387991697589
0.9487387988364964
0.9487388061694481
0.948738809860485
[20.25400869  0.40966704]
0.9487387970388971
0.9487387894965318
0.9487388035569185
0.9487387989279656
[20.25400869  0.40966704]
0.9487388168463682
Phase:  [1.90584675 0.02841788 0.02841062 0.02842765 0.02836747]
Final Fidelity:  0.9487388168463682
Final Params:  [20.25400869  0.40966704]
