Optimizing ARP for b =  170.0
Optimizing Delta, T, and phases
0.7710297857425283
0.7724142291064291
0.7694222964835222
0.7741285931327141
0.776721974340823
[24.725  0.486]
0.7783946037200565
0.7827857519725441
[27.3125  0.459 ]
0.7888275531355871
0.800643477295124
[29.75625  0.3375 ]
0.8075058288348631
0.7817651625167665
[32.34375  0.3105 ]
0.7770311956292825
0.7927866355781832
[32.34375  0.3105 ]
0.802675873271166
[32.34375  0.3105 ]
0.7881231696695293
0.8057852864234638
[32.34375  0.3105 ]
0.7987129668324578
0.8075103245218345
[32.34375  0.2835 ]
0.8089778500425442
0.8080138099246488
[33.49375  0.2835 ]
0.803245102355928
0.8084176578717864
[33.49375  0.2835 ]
0.8097387708102398
0.8102293749822689
[34.5      0.30375]
0.810756496911818
0.8108010422872383
[36.728125  0.286875]
0.8115540084873891
0.8122160965021993
[39.8546875  0.3189375]
0.809310781858706
0.8112829391989234
[39.8546875  0.3189375]
0.8127250087949379
0.8131967553663325
[40.91933594  0.35964844]
0.8134354549320243
0.814255298364816
[48.36962891  0.41122266]
0.8128827826657522
0.8134143855531618
[48.36962891  0.41122266]
0.8146479012165373
0.8154901394463692
[61.27484131  0.52556396]
0.8158050525278061
0.8163835799116629
[70.38794556  0.56781079]
0.817387764984027
0.8173227979244347
[83.29315796  0.6821521 ]
0.8172555530079807
[83.29315796  0.6821521 ]
0.8168712281499685
0.8174273351368606
[96.58059235  0.77100787]
0.8176142375649806
0.8172300019483965
[87.4674881   0.72876105]
0.8173227973877686
0.8175644839778615
[87.4674881   0.72876105]
0.816926758060929
0.8176032302605828
[87.4674881   0.72876105]
0.8176794435626134
0.8174933414564898
[91.88070698  0.75944154]
0.8174838753736234
0.8175602480434399
0.81753358901211
0.817651125742011
[91.88070698  0.75944154]
0.8175552668936114
0.8176712734593777
[91.88070698  0.75944154]
0.8176244692819614
0.8176825893353948
[92.22222756  0.75697874]
0.8176035766158245
0.8176892990760654
[92.55357279  0.76027163]
0.8176862732807325
[92.55357279  0.76027163]
0.8176720943224103
0.8176908071399436
[92.47328032  0.75800949]
0.8176876864230107
0.8176922558798807
[92.32259315  0.75980642]
0.8176821912930334
0.8176914237579429
[92.32259315  0.75980642]
0.8176885900018505
0.8176887709016312
0.8176921439480429
0.8176884709372189
[92.32259315  0.75980642]
0.8176916530650693
0.8176933052871072
[92.34235696  0.76017442]
0.8176908920906041
0.8176936763472633
[92.36582451  0.75984426]
0.817692756857951
0.8176926299264748
0.8176928501195475
0.8176927521504642
[92.36582451  0.75984426]
0.8176930695175807
[92.36582451  0.75984426]
0.8176934548134275
[92.36582451  0.75984426]
0.817693873066096
0.8176936120626266
[92.37755828  0.75967918]
0.8176928015840893
0.8176935591533467
[92.37755828  0.75967918]
0.8176911566435655
0.8176932574153701
0.817693079964048
0.8176932418531816
[92.37755828  0.75967918]
0.8176930319660534
0.8176939566290685
[92.37487578  0.75973711]
0.8176933522012795
0.8176935274470882
[92.37487578  0.75973711]
0.8176928649018731
0.8176930997287626
0.8176934824086248
0.8176934169182728
[92.37487578  0.75973711]
0.81769371752318
[92.37487578  0.75973711]
0.8176930776242683
0.8176933868341398
0.8176932778006085
0.8176932975589117
[92.37487578  0.75973711]
0.8176941485713962
0.8176937836589871
[92.37491796  0.75972516]
0.8176936719281215
0.8176936595792768
0.8176931401504844
0.817693508392789
[92.37491796  0.75972516]
0.8176933623117384
0.8176931684050907
0.8176903457724225
0.8176927406551148
[92.37491796  0.75972516]
0.8176934731403948
[92.37491796  0.75972516]
0.8176929054290557
0.8176931486894669
[92.37491796  0.75972516]
0.8176931690098541
0.81769254282483
0.8176934559783012
0.8176931013376442
[92.37491796  0.75972516]
0.8176941485713962
Phase:  [-1.84909029  0.75235605  0.75215437]
Final Fidelity:  0.8176941485713962
Final Params:  [92.37491796  0.75972516]
