Optimizing ARP for b =  110.0
Optimizing Delta, T, and phases
0.968048752651495
0.967436208624993
0.9659813217548511
0.9689110538022087
0.9692053221248326
[24.725  0.486]
0.9705267771112918
0.9711940619734906
[23.2875  0.459 ]
0.9674993361203533
0.9697607177596776
[23.2875  0.459 ]
0.9715950126194052
0.9689319652627258
[22.065625  0.47925 ]
0.9710617350837937
0.9709007412898717
0.9714937333810395
0.971031640479376
[22.065625  0.47925 ]
0.9705796411906005
0.9714729635396719
[22.065625  0.47925 ]
0.9712233385994399
0.9715701332341141
[22.065625  0.47925 ]
0.9716403844479999
0.9715554766141544
[21.86347656  0.48895313]
0.9715731046524919
0.9716205209265851
[21.86347656  0.48895313]
0.971596093429268
0.9716335464542996
[21.86347656  0.48895313]
0.9715778731679792
0.9716425445810166
[21.73243103  0.48864331]
0.9716423157086962
[21.73243103  0.48864331]
0.9716264341595808
0.9716446899989102
[21.85207062  0.48800061]
0.9716368709516323
0.9716444299683846
[21.85207062  0.48800061]
0.97164046018882
0.971643802114448
[21.85207062  0.48800061]
0.971644080023286
0.9716453525145219
[21.89354548  0.48714419]
0.9716447201227063
[21.89354548  0.48714419]
0.9716342991807079
0.9716442973264331
0.9716445586078628
0.9716442884736933
[21.89354548  0.48714419]
0.9716454024713768
0.9716438724895652
[21.90503094  0.48727258]
0.9716447406906327
0.9716449386955246
[21.90503094  0.48727258]
0.9716454467035494
0.9716445586078628
[21.89179086  0.48745459]
0.9716451580443791
0.9716441307509848
0.9716443269534691
0.9716438432604874
[21.89179086  0.48745459]
0.9716441492089516
0.971643772999422
0.9716460874596533
0.9716447197435101
[21.89510088  0.48740908]
0.9716429877897154
0.9716455836291022
[21.89510088  0.48740908]
0.9716447445699321
0.9716440956167556
0.971643707506582
0.9716447195363733
[21.89510088  0.48740908]
0.9716446603367681
0.9716439688783447
0.9716455500840435
0.9716436991090851
[21.89510088  0.48740908]
0.9716444966325304
0.9716442150773865
0.9716457155098267
0.9716444236162107
[21.89510088  0.48740908]
0.9716434941776685
0.9716448843794014
[21.89510088  0.48740908]
0.9716455358411344
0.9716432851823031
0.9716453030751508
0.9716453775509944
[21.89510088  0.48740908]
0.9716453134307299
0.971643731895494
0.9716448142056274
0.9716449548106803
[21.89510088  0.48740908]
0.9716442720468998
0.971645816303032
[21.89510088  0.48740908]
0.9716444263689596
0.9716439685224835
0.971645077742729
0.9716454407523272
[21.89510088  0.48740908]
0.9716460874596533
Phase:  [0.8768644  0.08135162 0.08118252 0.08121571]
Final Fidelity:  0.9716460874596533
Final Params:  [21.89510088  0.48740908]
