Optimizing ARP for b =  350.0
Optimizing Delta, T, and phases
0.9920385405199849
0.9910936869122987
0.9925848304413397
0.993073542982737
0.9932340910742921
[20.7     0.5805]
0.9935977157171051
0.9937667415838546
[19.55     0.64125]
0.9925288535127805
0.9933666869984579
[19.55     0.64125]
0.9935733011727083
[19.55     0.64125]
0.9933250624870412
0.9936258206806453
[19.55     0.64125]
0.9934896587498154
0.9936749509522473
[19.55     0.64125]
0.9936828210866335
[19.55     0.64125]
0.9935478970979957
0.9937358993723568
[19.55     0.64125]
0.9937024951056408
0.9937435819744552
[19.55     0.64125]
0.9937312004468042
0.9937531465709646
[19.55     0.64125]
0.9937567564061426
[19.55     0.64125]
0.9937504254017864
0.9937618443843429
[19.55     0.64125]
0.9937557262894281
0.9937613403226683
[19.55     0.64125]
0.9937624127018635
[19.55     0.64125]
0.9937579230445479
0.9937643742860303
[19.55     0.64125]
0.9937658819677045
[19.55     0.64125]
0.9937660874048153
[19.55     0.64125]
0.9937663189611204
[19.55     0.64125]
0.9937640554354832
0.9937669157600493
[19.45844426  0.64229728]
0.9937660421369208
0.9937668335049828
[19.45844426  0.64229728]
0.9937651074864001
0.9937676632953986
[19.5126408   0.64151175]
0.993766686755048
0.9937668677828417
[19.5126408   0.64151175]
0.9937667416258589
0.9937671713488327
[19.5126408   0.64151175]
0.9937634560500657
0.9937675333754582
[19.5126408   0.64151175]
0.9937670546053814
0.9937670623927461
0.9937670944662964
0.9937669916688883
[19.5126408   0.64151175]
0.9937673697169125
[19.5126408   0.64151175]
0.9937668588465095
0.9937667049660335
0.9937671720814572
0.9937674466144857
[19.5126408   0.64151175]
0.9937670395900682
0.9937669350338325
0.9937668919420836
0.9937663095446633
[19.5126408   0.64151175]
0.9937673507120706
[19.5126408   0.64151175]
0.9937668132632076
0.993767466725973
[19.5126408   0.64151175]
0.9937669383957874
0.9937665739770281
0.9937673387520962
0.9937669029749242
[19.5126408   0.64151175]
0.9937669854227525
0.9937668158921172
0.9937675285241303
0.9937673068517999
[19.5126408   0.64151175]
0.9937666527607473
0.9937663561023393
0.9937675945631216
0.9937672964558169
[19.5126408   0.64151175]
0.9937670256614672
0.9937669399190735
0.9937669655477706
0.9937671114954866
[19.5126408   0.64151175]
0.9937667890331155
0.993767012259853
[19.5126408   0.64151175]
0.9937665019478081
0.993766761827896
0.9937672320549817
0.9937669559922377
[19.5126408   0.64151175]
0.9937676632953986
Phase:  [0.3611444  0.03813588 0.03771131 0.03827057]
Final Fidelity:  0.9937676632953986
Final Params:  [19.5126408   0.64151175]
