Optimizing ARP for b =  230.0
Optimizing Delta, T, and phases
0.9885374057369871
0.9876561327710944
0.9886789303171623
0.9891263767075054
0.9890633315818529
[21.85   0.567]
0.9889591943024627
[21.85   0.567]
0.9890746385095831
[21.85   0.567]
0.9890529426560548
0.9891358139925571
[20.9875   0.57375]
0.9890387215349593
0.9891420198506168
[21.059375   0.5821875]
0.9888627886297641
0.9891722598234307
[21.43671875  0.57248438]
0.9891414105041954
0.9891587303945736
[21.43671875  0.57248438]
0.9891453202986562
0.989160967732245
[21.43671875  0.57248438]
0.9891606673387209
0.9891680073713937
[21.43671875  0.57248438]
0.9891768160715231
0.9891793790068113
[21.35375366  0.56738562]
0.9891693139589816
0.9891751983485957
[21.35375366  0.56738562]
0.9891767257734506
[21.35375366  0.56738562]
0.9891850171433421
0.9891963696754902
[21.2533989  0.5582943]
0.9891905227601784
[21.2533989  0.5582943]
0.9892337597697246
0.9893215397825238
[21.24941559  0.54343021]
0.9893912151630326
0.9896745305748511
[20.9851223   0.53157342]
0.989942000555416
0.9887318198359581
[20.98113899  0.51670933]
0.9896420711833417
0.990018216163312
[20.84998817  0.51449696]
0.9891906073891863
0.9898883169039299
[20.84998817  0.51449696]
0.9898067092301724
0.9899622390088035
[20.84998817  0.51449696]
0.9900649741100446
0.9901229244467697
[20.71213417  0.51772034]
0.9900872862424065
[20.71213417  0.51772034]
0.9902223464857428
0.9902996740673307
[20.31197853  0.51651899]
0.9902916402267086
[20.31197853  0.51651899]
0.9904611184876433
0.9905235221468829
[19.63611488  0.52176441]
0.9901408933128287
0.9904004507713141
[19.63611488  0.52176441]
0.9905884669860858
0.990589332581679
[19.10695801  0.53017822]
0.9904354317874512
0.9905725072249257
[19.10695801  0.53017822]
0.9903039419066764
0.9905937969672423
[19.33606122  0.52561854]
0.9905916566524345
[19.33606122  0.52561854]
0.9905401811976731
0.9906060841163027
[19.25698484  0.52825116]
0.9905769622016378
0.9906040930236675
[19.25698484  0.52825116]
0.9905798000994372
0.9906062672908363
[19.32908746  0.52661762]
0.9906055171523374
0.9906074746703138
[19.24593294  0.52766046]
0.9905994050621151
0.9906046024742544
0.990607073332418
0.990604718077214
[19.24593294  0.52766046]
0.9906047921749194
0.9906034685343064
0.9906073959474098
0.9906077648491646
[19.24869591  0.52780814]
0.9906070560286369
0.9906072897134158
0.9906077392627799
0.9906071735879786
[19.24869591  0.52780814]
0.990607652292728
0.9906079623363295
[19.24315338  0.52785485]
0.9906031036388321
0.9906083829784663
[19.24661954  0.5277829 ]
0.990607530646903
0.9906085768284425
[19.24679119  0.52781351]
0.9906077942735747
0.9906076240469732
0.9906072557240212
0.9906082055974776
[19.24679119  0.52781351]
0.9906085415001638
[19.24679119  0.52781351]
0.9906070658021153
0.9906077756589408
0.9906075568403101
0.9906078753500708
[19.24679119  0.52781351]
0.9906074463338529
0.9906075809070316
[19.24679119  0.52781351]
0.9906076104015545
0.9906077714616299
[19.24679119  0.52781351]
0.9906077266469522
0.9906071461735868
0.9906077453363591
0.9906082868186067
[19.24679119  0.52781351]
0.9906036138126664
0.9906074261489932
0.9906078314873648
0.990608025887245
[19.24679119  0.52781351]
0.9906079717374936
0.9906075638264145
0.9906077277266503
0.9906072505551883
[19.24679119  0.52781351]
0.9906077218890434
0.990607926873664
[19.24679119  0.52781351]
0.9906074521757724
0.9906079633782158
[19.24679119  0.52781351]
0.9906085768284425
Phase:  [0.45446721 0.04802445 0.04790987 0.04792309]
Final Fidelity:  0.9906085768284425
Final Params:  [19.24679119  0.52781351]
