Optimizing ARP for b =  50.0
Optimizing Delta, T, and phases
0.6231177886126298
0.6278967917226201
0.6078847313836043
0.6426805093509319
0.6603840688641005
[24.725  0.486]
0.6675292350647037
0.6923443693869452
[27.3125  0.459 ]
0.721272942442803
0.7588096503003707
[29.75625  0.3375 ]
0.7793804262764426
0.7477191856273343
[32.34375  0.3105 ]
0.7581632462854506
0.7875448890994253
[32.91875  0.2565 ]
0.7513565029748156
0.7762211058693196
[32.91875  0.2565 ]
0.7888634773865704
0.7513565029748156
[34.06875  0.2565 ]
0.7705644688534834
0.7749519814185672
0.7882759978647269
0.7749349881354723
[34.06875  0.2565 ]
0.7561802044887986
0.7757944026175705
[34.06875  0.2565 ]
0.77536658486213
0.7838051245205817
[34.06875  0.2565 ]
0.7853378906537059
0.7880084728463737
[34.06875  0.2565 ]
0.7870507393946758
0.7885708497903909
[34.06875  0.2565 ]
0.7891779427622712
0.789392554301431
[34.84140625  0.25396875]
0.789714186509355
0.7898453880932176
[35.73085938  0.25607813]
0.7901519470712096
0.7897219609015695
[36.50351563  0.25354688]
0.789671057922167
0.7900936372577636
[36.50351563  0.25354688]
0.7899871460798563
0.7902014299805982
[37.07851563  0.25354688]
0.7895201558776629
0.7902409833891196
[36.77304688  0.25439063]
0.7901450941105954
0.7902184911482
[36.77304688  0.25439063]
0.7902183096882538
0.7902409371313097
[36.77304688  0.25439063]
0.7901736707967076
0.7902425701140768
[36.69471436  0.25406104]
0.7902449623244708
0.7902315341074829
[36.89124756  0.25411377]
0.7902253505404244
0.7902472651107043
[36.78301392  0.25423901]
0.7902316662113628
0.7902465520637072
[36.78301392  0.25423901]
0.7902447774025552
0.7902464311046317
[36.78301392  0.25423901]
0.7902469788519183
[36.78301392  0.25423901]
0.7902445363472812
0.79024734114208
[36.75773439  0.25417196]
0.7902465211940642
0.7902474390134308
[36.74322636  0.25420845]
0.7902469486634065
0.7902457329844016
0.7902476821495169
0.7902471423693611
[36.75048038  0.25419021]
0.790247385154561
0.7902475344553498
[36.75048038  0.25419021]
0.7902473103051921
0.7902473524518361
0.7902472144712287
0.7902471598570275
[36.75048038  0.25419021]
0.7902447595171996
0.7902450411221527
0.7902473967681972
0.7902471588513457
[36.75048038  0.25419021]
0.7902472222221715
0.7902473659579682
[36.75048038  0.25419021]
0.7902472933734127
0.7902472122068155
0.7902474844028855
0.7902471577283701
[36.75048038  0.25419021]
0.7902467364997416
0.7902470597259351
0.7902473605418059
0.790247763820558
[36.7501558   0.25418949]
0.7902472702867425
0.7902473997537991
[36.7501558   0.25418949]
0.7902475375090909
0.7902473946378035
0.7902474052450335
0.7902471861062098
[36.7501558   0.25418949]
0.790246990066228
0.7902469740765976
0.7902466727063486
0.7902474968627194
[36.7501558   0.25418949]
0.790247763820558
Phase:  [-1.76837018  0.69965061  0.69977593]
Final Fidelity:  0.790247763820558
Final Params:  [36.7501558   0.25418949]
