Optimizing ARP for b =  10.0
Optimizing Delta, T, and phases
0.8327551712489425
0.844504741542415
0.8291699618536204
0.8539142689895407
0.8560702918451718
[24.725  0.486]
0.8693276576807933
0.8743103785607241
[27.3125  0.459 ]
0.8723661707721976
[27.3125  0.459 ]
0.8811672925503982
0.862764414597507
[30.475  0.378]
0.8936901005846662
0.9010380501556686
[30.90625  0.4455 ]
0.8898786194127842
[30.90625  0.4455 ]
0.9153579809784
0.9257860217463464
[36.5125  0.459 ]
0.9206475530900601
[36.5125  0.459 ]
0.9476400378546928
0.958090164477475
[42.98125  0.6075 ]
0.9372224743118871
[42.98125  0.6075 ]
0.9541439780891285
[42.98125  0.6075 ]
0.9751789813104523
0.9764283742788858
[51.103125  0.87075 ]
0.9672561026859501
[51.103125  0.87075 ]
0.9776278924514882
0.9800250838923792
[52.9    1.296]
0.9896772144743367
0.9844667883563568
[62.53125  1.3635 ]
0.9905877996559906
0.9918919133119535
[70.940625  2.24775 ]
0.9799737444926604
0.9877713305240686
[70.940625  2.24775 ]
0.9895265452601678
0.9801829120533014
0.991473815684688
0.9857778008173029
[70.940625  2.24775 ]
0.980335493197093
0.9848065672423195
0.9917813322961038
0.9899782187966703
[70.940625  2.24775 ]
0.9890213471507141
0.9865173870635997
0.9805441238676688
0.9805321361276821
[70.940625  2.24775 ]
0.9911649552182675
[70.940625  2.24775 ]
0.9805036605516487
0.9863680608016855
[70.940625  2.24775 ]
0.9899622293270331
0.973166266416626
0.9917017395172693
0.9905303860586429
[70.940625  2.24775 ]
0.9731911032834263
0.9914156041964186
[70.940625  2.24775 ]
0.9731799429259121
0.9916849099313577
[70.940625  2.24775 ]
0.9918809817984253
[70.940625  2.24775 ]
0.9732315131258797
0.9918402307182034
[70.940625  2.24775 ]
0.9918430255122911
0.9918760085224153
[70.940625  2.24775 ]
0.991874877290714
0.9918841628349714
[70.940625  2.24775 ]
0.9918972438349594
0.9919050836820787
[70.72257185  2.2495716 ]
0.9919088403305009
0.9919138538750248
[70.47471738  2.24719227]
0.9919325050164809
0.9919516653071574
[69.91468384  2.24964581]
0.9919406913226386
[69.91468384  2.24964581]
0.9919875069874258
0.9920237644163754
[68.42283506  2.25098389]
0.9920352930593417
0.9920729904928366
[68.17261962  2.2564116 ]
0.9921352314691999
0.9922049502570549
[65.06381434  2.26180161]
0.9922685889910591
0.9923627826896803
[63.0089808   2.27535202]
0.9923630967235179
0.9920353775968747
[59.90017552  2.28074204]
0.9924986510043108
0.9924118014465563
[57.84534199  2.29429245]
0.9920806674097745
0.9924384826181065
[57.84534199  2.29429245]
0.9925279124460272
0.992514861163345
[58.88603624  2.29498504]
0.9925566493084237
0.9924913432884437
[55.79050845  2.30784286]
0.9925661226090401
0.9754424304090165
[56.83120271  2.30853546]
0.9925532560310703
0.9925745505536574
[55.02326525  2.31479121]
0.975475617001819
0.9925762960879488
[55.85887122  2.3097531 ]
0.9925148450582448
0.9925800758000877
[56.13613547  2.31040381]
0.9925736668692603
0.9925786356727333
[56.13613547  2.31040381]
0.9925787516835426
[56.13613547  2.31040381]
0.9925685722404025
0.9925807222837588
[55.73613815  2.31208975]
0.9925795742979197
0.9925805285870655
[55.73613815  2.31208975]
0.9925793283710027
0.9925806519412423
[55.73613815  2.31208975]
0.9925805665058253
0.992580739461118
[55.80043628  2.31200826]
0.992580343123896
0.9925807797888534
[55.88649236  2.3114276 ]
0.9925805393729338
0.9925807795366044
[55.88649236  2.3114276 ]
0.9925807775662402
0.9925807926072461
[55.85700206  2.31149445]
0.9925807392612694
0.9925807915756788
[55.85700206  2.31149445]
0.9925807798345461
0.9925807855987374
[55.85700206  2.31149445]
0.9925807916670322
[55.85700206  2.31149445]
0.9925807827373027
0.9925807889243073
0.9925807907212671
0.9925807964435339
[55.84388814  2.31158844]
0.9925807891645672
0.9925807930561223
[55.84388814  2.31158844]
0.9925807874839064
0.9925807917293151
0.9925807921394275
0.9925807942004409
[55.84388814  2.31158844]
0.9925807971984226
0.9925807938379302
[55.84450386  2.311575  ]
0.9925807991707822
0.9925807902263923
[55.8379469   2.31162199]
0.992580793048835
0.992580793075668
0.9925807929902565
0.9925807923696025
[55.8379469   2.31162199]
0.9925807944939466
[55.8379469   2.31162199]
0.9925807919960341
0.9925807900933903
0.9925807940223508
0.9925807908311297
[55.8379469   2.31162199]
0.9925807927302321
0.9925807975018476
[55.8379469   2.31162199]
0.9925807978283041
[55.8379469   2.31162199]
0.9925808008175576
0.9925807935857093
[55.83779297  2.31162535]
0.9925807916816073
0.9925807941400506
0.9925808002413864
0.992580794153014
[55.83779297  2.31162535]
0.9925807926113933
0.9925807917231525
0.9925808003971428
0.9925807921675543
[55.83779297  2.31162535]
0.9925807936283418
0.9925807951453188
[55.83779297  2.31162535]
0.99258080074508
[55.83779297  2.31162535]
0.9925808008175576
Phase:  [ 2.18016434 -3.13552147 -3.13587138 -3.13539747 -3.13570812]
Final Fidelity:  0.9925808008175576
Final Params:  [55.83779297  2.31162535]
