Optimizing ARP for b =  10.0
Optimizing Delta, T, and phases
0.9329486284308601
0.9411377292495313
0.9495763152127541
0.9573057114824199
0.9661144479617492
[24.725   0.5805]
0.9666162811933091
0.9711217928786224
[23.2875   0.64125]
0.9799868930917136
0.9692932123970911
[25.0125   0.65475]
0.9562672334269059
0.9731168539514807
[25.0125   0.65475]
0.9835676769472358
0.9875175368453181
[27.6    0.621]
0.9863429950773603
[27.6    0.621]
0.9932830405446191
0.9942758098984796
[33.6375   0.61425]
0.9877011810012903
[33.6375   0.61425]
0.9853296557865945
0.9916737249016951
[33.6375   0.61425]
0.9907911421330324
0.993663827256429
[33.6375   0.61425]
0.9913175568000346
0.9934688858895516
[33.6375   0.61425]
0.9935106929789255
0.9940499205979998
[33.6375   0.61425]
0.994005740897607
0.9942467281227668
[33.6375   0.61425]
0.993694151293695
0.9942717902726946
[33.6375   0.61425]
0.994268869730266
0.9943052683251346
[33.23980103  0.61819519]
0.9941661029243627
0.9943106085393593
[33.4923111  0.6181301]
0.9942341071703905
0.9943066656084206
[33.4923111  0.6181301]
0.9943053211171323
0.9943112667304842
[33.62566633  0.61665472]
0.9942987794141176
0.9943121338567285
[33.53038337  0.61679936]
0.9942988314555243
0.9943128782186763
[33.53516797  0.61742857]
0.9943127717255089
[33.53516797  0.61742857]
0.9943107045203643
0.9943129795808339
[33.50895493  0.61715013]
0.9943121097632488
0.9943131234516334
[33.48097323  0.61743128]
0.9943123653086936
0.9943131739193523
[33.51506603  0.61735964]
0.9943128652867028
0.9943131820353637
[33.50348728  0.61727279]
0.9943130072265041
0.9943134931102884
[33.49512494  0.61737375]
0.9943130518292165
0.9943130989140523
0.9943131517337044
0.9943131743759195
[33.49512494  0.61737375]
0.9943131366048396
0.9943131753533505
[33.49512494  0.61737375]
0.994313171911168
0.9943131290902214
0.9943131470461917
0.9943134154992075
[33.49512494  0.61737375]
0.9943131887208252
0.9943135151606864
[33.49771809  0.61737785]
0.9943131870697473
0.9943131295459874
0.9943131518691423
0.9943131541233989
[33.49771809  0.61737785]
0.9943131384168811
0.9943131793328979
[33.49771809  0.61737785]
0.9943131787771758
0.9943131337412101
0.9943132107880552
0.9943131674879749
[33.49771809  0.61737785]
0.9943131923281654
0.9943131521298346
0.9943132083139837
0.9943131532729661
[33.49771809  0.61737785]
0.9943131764201358
0.9943131815687329
[33.49771809  0.61737785]
0.994313352891858
[33.49771809  0.61737785]
0.9943131734218399
0.9943131253387383
0.994313438588674
0.9943131739668947
[33.49771809  0.61737785]
0.9943135151606864
Phase:  [ 2.83180159 -0.12513822 -0.12550201]
Final Fidelity:  0.9943135151606864
Final Params:  [33.49771809  0.61737785]
