Optimizing ARP for b =  10.0
Optimizing Delta, T, and phases
0.9873792540645308
0.9879627534169142
0.986903345802553
0.9883773123485841
0.9890020361497296
[0.5423375 0.1999998]
0.9894127102917806
0.9901409123087286
[0.59909375 0.1888887 ]
0.9907754949288361
0.9915447621091212
[0.65269687 0.13888875]
0.9919201242158447
0.9923511997138887
[0.79301094 0.09166657]
0.9897331396024267
0.9913953467465951
[0.79301094 0.09166657]
0.9923099600448111
[0.79301094 0.09166657]
0.9683513717506251
0.9920974866892238
[0.79301094 0.09166657]
0.9919300974464623
0.9922588047166294
[0.79301094 0.09166657]
0.9923260975194858
[0.79301094 0.09166657]
0.9924230652213031
0.9924391134289056
[0.85442297 0.08797734]
0.9923244561917292
0.9924112879629671
[0.85442297 0.08797734]
0.9924771008418584
0.992501525269119
[0.93058757 0.06971022]
0.9925350306250368
0.9925653473686727
[1.0308825  0.07509487]
0.9925858747651441
0.992546157711549
[1.1070471  0.05682774]
0.9926104514169223
0.9926241950758514
[1.34571926 0.05846348]
0.992609589336997
[1.34571926 0.05846348]
0.9926349485138052
0.9926411146106275
[1.93731048 0.03433428]
0.9926385440038628
[1.93731048 0.03433428]
0.9926441638460524
0.9926410722719538
[2.45273711 0.02847219]
0.9820977807078034
0.9926413005490001
[2.45273711 0.02847219]
0.9926437737621155
[2.45273711 0.02847219]
0.9926450736046031
0.9926396767100791
[2.96816373 0.02261011]
0.9926163569124887
0.9926443201104168
[2.96816373 0.02261011]
0.9926453305048264
0.9926456563394298
[3.4872428  0.02323182]
0.9926445276760254
0.9926456588678751
[3.52806443 0.0189611 ]
0.9926460316225661
0.9926462156054652
[4.58663337 0.01806916]
0.9926461743132573
[4.58663337 0.01806916]
0.9926464589918593
0.9926465525461736
[6.76500371 0.00987921]
0.9926465168082752
[6.76500371 0.00987921]
0.9926466387376841
0.992646692538603
[ 1.10605119e+01 -9.46255903e-05]
0.9926466924746616
[ 1.10605119e+01 -9.46255903e-05]
0.9926466927050798
0.9926466913495018
[ 1.53968418e+01 -1.43391784e-02]
0.9926466930077428
0.9926466923347776
[ 1.53560202e+01 -1.00684595e-02]
0.9926466914846646
0.9926466931244977
[ 1.32184714e+01 -6.14922226e-03]
0.9926466927934984
0.9926466925966515
0.9926466924133428
0.9926466923855246
[ 1.32184714e+01 -6.14922226e-03]
0.992646692446999
[ 1.32184714e+01 -6.14922226e-03]
0.99264669243468
0.99264669267222
[ 1.32184714e+01 -6.14922226e-03]
0.9926466923210299
0.9926466925377245
[ 1.32184714e+01 -6.14922226e-03]
0.9926466918343024
0.9926466920736006
0.992646692651918
0.9926466927129826
[ 1.32184714e+01 -6.14922226e-03]
0.9926466927724744
[ 1.32184714e+01 -6.14922226e-03]
0.9926466929638954
[ 1.32184714e+01 -6.14922226e-03]
0.9926466929904213
[ 1.32184714e+01 -6.14922226e-03]
0.9926466927072706
0.992646692831845
0.9926466930230124
0.9926466916120197
[ 1.32184714e+01 -6.14922226e-03]
0.9926466929527533
0.9926466918508019
0.992646691697851
0.9926466922985866
[ 1.32184714e+01 -6.14922226e-03]
0.9926466926254784
[ 1.32184714e+01 -6.14922226e-03]
0.9926466925494788
0.9926466933805866
[ 1.32218092e+01 -6.06929392e-03]
0.9926466923455874
0.9926466922872433
0.9926466925007613
0.9926466923941153
[ 1.32218092e+01 -6.06929392e-03]
0.9926466926738016
[ 1.32218092e+01 -6.06929392e-03]
0.9926466925688819
0.9926466921523582
0.992646692580708
0.9926466916575432
[ 1.32218092e+01 -6.06929392e-03]
0.9926466933005493
[ 1.32218092e+01 -6.06929392e-03]
0.9926466930240974
0.9926466920690187
0.9926466929573752
0.9926466919899072
[ 1.32218092e+01 -6.06929392e-03]
0.9926466916874612
0.992646692013026
[ 1.32218092e+01 -6.06929392e-03]
0.9926466909988176
0.992646692889861
[ 1.32218092e+01 -6.06929392e-03]
0.9926466919634579
0.9926466928414206
0.9926466924620433
0.9926466922520093
[ 1.32218092e+01 -6.06929392e-03]
0.9926466919731278
0.9926466921381917
0.9926466921391178
0.9926466925027504
[ 1.32218092e+01 -6.06929392e-03]
0.992646693007874
[ 1.32218092e+01 -6.06929392e-03]
0.992646692257402
0.9926466931563954
[ 1.32218092e+01 -6.06929392e-03]
0.9926466925173656
0.992646693174746
[ 1.32218092e+01 -6.06929392e-03]
0.9926466921521652
0.9926466930384352
0.9926466931388456
0.992646692394983
[ 1.32218092e+01 -6.06929392e-03]
0.9926466927328655
0.9926466930163279
[ 1.32218092e+01 -6.06929392e-03]
0.9926466908332154
0.9926466917530399
0.9926466923522446
0.9926466924897779
[ 1.32218092e+01 -6.06929392e-03]
0.9926466933805866
Phase:  [2.83168496e-05 3.14164431e+00 3.14147197e+00 3.14150124e+00]
Final Fidelity:  0.9926466933805866
Final Params:  [ 1.32218092e+01 -6.06929392e-03]
