Optimizing ARP for b =  90.0
Optimizing Delta, T, and phases
0.9930422334780413
0.9930422337914644
0.9930422324694129
0.996942056550218
0.9969420562877674
0.9969420565982651
[0.53584231 0.12135916]
0.9967333025618124
0.996733302181378
0.99673330250641
0.9969186623411198
0.9969186626276659
0.9969186617136829
0.996934780765597
0.9969347807465452
0.9969347802537472
0.9969405974360026
0.9969405967987421
0.9969405971575389
0.9969419017940235
0.9969419030169931
0.9969419020616117
0.9969419845186933
0.996941984357119
0.9969419839722269
0.9969420443713117
0.996942044811412
0.9969420443746053
0.9969420518884301
0.9969420524782744
0.996942051642938
0.9969420548306289
0.9969420546855433
0.9969420549453148
0.9969420558275062
0.9969420566094764
0.9969420559142287
0.9969420567053532
0.9969420569174053
0.9969420556546391
0.9969420564596461
0.9969420563085636
0.996942056371371
0.9969420561109179
0.9969420571476184
0.9969420552820021
0.9969420567053532
0.9969420569174053
0.9969420556546391
[0.5358423  0.12135916]
0.9969420567053532
Phase:  [3.0567103  2.06361167 2.06345561 2.06329029 2.06310379]
Final Fidelity:  0.9969420567053532
Final Params:  [0.5358423  0.12135916]
