ddfac=0.15
Optimizing SP for b =  10.0
Optimizing Delta, T, and phases
0 1.0
0 1.0
1 0.9998130484657792
1 0.9998255793266615
2 0.9998130484657792
2 0.9998255793266615
3 0.9996374915122654
3 0.9996618386128244
4 0.9998130484657792
4 0.9998255793266615
5 0.9996374915122654
5 0.9996618386128244
6 0.9996374915122654
6 0.9996618386128244
7 0.9994701243704558
7 0.9995056664723274
8 0.9998130484657792
8 0.9998255793266615
9 0.9996374915122654
9 0.9996618386128244
10 0.9996374915122654
10 0.9996618386128244
11 0.9994701243704558
11 0.9995056664723274
12 0.9996374915122654
12 0.9996618386128244
13 0.9994701243704558
13 0.9995056664723274
14 0.9994701243704558
14 0.9995056664723274
15 0.9993116219754604
15 0.999357812791453
16 0.9998130484657792
16 0.9998255793266615
17 0.9996769790569716
17 0.9996984730237078
18 0.9996769790569716
18 0.9996984730237078
19 0.9995368377783577
19 0.9995675543560485
20 0.9996769790569716
20 0.9996984730237078
21 0.9995368377783577
21 0.9995675543560485
22 0.9995368377783577
22 0.9995675543560485
23 0.999399441974326
23 0.9994394627068728
24 0.9996769790569716
24 0.9996984730237078
25 0.9995368377783577
25 0.9995675543560485
26 0.9995368377783577
26 0.9995675543560485
27 0.999399441974326
27 0.9994394627068728
28 0.9995368377783577
28 0.9995675543560485
29 0.999399441974326
29 0.9994394627068728
30 0.999399441974326
30 0.9994394627068728
31 0.9992600747001362
31 0.9993093589320386
32 0.16436049981863263
32 0.9996171192017806
0.974279684732542
Final Fidelity:  0.974279684732542
Leakage=0.9996170592176804 
