ddfac=0.05
Optimizing SP for b =  10.0
Optimizing Delta, T, and phases
0 1.0
0 1.0
1 0.9998130484657792
1 0.9998255793266615
2 0.9998130484657792
2 0.9998255793266615
3 0.9996304705248795
3 0.9996552816422265
4 0.9998130484657792
4 0.9998255793266615
5 0.9996304705248795
5 0.9996552816422265
6 0.9996304705248795
6 0.9996552816422265
7 0.9994515130608327
7 0.9994883657169096
8 0.9998130484657792
8 0.9998255793266615
9 0.9996304705248795
9 0.9996552816422265
10 0.9996304705248795
10 0.9996552816422265
11 0.9994515130608327
11 0.9994883657169096
12 0.9996304705248795
12 0.9996552816422265
13 0.9994515130608327
13 0.9994883657169096
14 0.9994515130608327
14 0.9994883657169096
15 0.9992757058026317
15 0.9993243722863048
16 0.9998130484657792
16 0.9998255793266615
17 0.9996769790569716
17 0.9996984730237078
18 0.9996769790569716
18 0.9996984730237078
19 0.9995315972461942
19 0.9995626294308161
20 0.9996769790569716
20 0.9996984730237078
21 0.9995315972461942
21 0.9995626294308161
22 0.9995315972461942
22 0.9995626294308161
23 0.9993844672757529
23 0.9994254538324756
24 0.9996769790569716
24 0.9996984730237078
25 0.9995315972461942
25 0.9995626294308161
26 0.9995315972461942
26 0.9995626294308161
27 0.9993844672757529
27 0.9994254538324756
28 0.9995315972461942
28 0.9995626294308161
29 0.9993844672757529
29 0.9994254538324756
30 0.9993844672757529
30 0.9994254538324756
31 0.9992297678048041
31 0.9992809905127162
32 0.15317540421883313
32 0.9996091260306412
0.9739324352835107
Final Fidelity:  0.9739324352835107
Leakage=0.9996090612785937 
