Optimizing ARP for b =  110.0
Optimizing Delta, T, and phases
0.9927440696325021
0.9927440700260588
0.992744069728362
0.9931298894641192
0.9931298897334377
0.9931298885258609
[0.54385567 0.231808  ]
0.9942325300736693
0.9942325299783242
0.9942325296279854
[0.58986715 0.22783233]
0.9942051903626857
0.9942051901775739
0.9942051895367291
0.9942283515685243
0.9942283515231286
0.9942283511479639
0.9942316592386532
0.9942316592026403
0.9942316578611092
0.994232410909712
0.9942324108948022
0.9942324098539002
0.9942325109000715
0.9942325112043527
0.9942325088965119
0.994232527006105
0.9942325277876038
0.9942325275074586
0.9942325277613553
0.9942325285568747
0.9942325282575094
0.9942325285616425
0.9942325292344689
0.994232528373094
0.9942325297560899
0.9942325300050211
0.9942325288304897
0.9942325297129723
0.9942325299027358
0.9942325294004722
0.9942325300890108
0.994232530361551
0.9942325291480243
[0.58986714 0.22783233]
0.9942325300890108
Phase:  [-0.64213348 -0.34716404 -0.34709164 -0.34685156 -0.34723283]
Final Fidelity:  0.9942325300890108
Final Params:  [0.58986714 0.22783233]
