Optimizing ARP for b =  30.0
Optimizing Delta, T, and phases
0.9950215772416389
0.9950215765965584
0.995021577604968
0.9919901235875347
0.9919901246534067
0.9919901233940784
0.9944329485102433
0.9944329499253131
0.99443294904458
0.9948625912240896
0.9948625910343409
0.9948625913086976
0.9949953280830371
0.994995327566979
0.9949953279463999
0.9950174418870139
0.9950174414314971
0.9950174416146484
0.9950208901021069
0.9950208912672686
0.9950208910842921
0.9950214129594073
0.9950214128419924
0.9950214126581576
0.9950215458792204
0.9950215467429269
0.9950215457406799
0.995021568089178
0.9950215691706293
0.9950215683437194
0.9950215756031299
0.995021574548739
0.9950215748718272
0.9950215770461813
0.9950215773888983
0.9950215772319891
0.9950215776501409
0.995021578136847
0.9950215769273345
0.9950215776565405
0.9950215772636904
0.9950215766622207
[0.5045   0.222222]
0.9950215776565405
Phase:  [0.59261269 0.39879733 0.39835699 0.39873775 0.39864021]
Final Fidelity:  0.9950215776565405
Final Params:  [0.5045   0.222222]
