Optimizing ARP for b =  10.0
Optimizing Delta, T, and phases
0.9967447753389103
0.9967447739960615
0.9967447749158298
0.9961383957421227
0.9961383960779071
0.9961383961880499
0.9965991077291655
0.9965991075386625
0.9965991072989427
0.9967038417280046
0.996703841776199
0.9967038417906562
0.9967314958518231
0.9967314952107595
0.9967314948484457
0.9967416343650434
0.9967416339910276
0.996741634075103
0.9967439098266082
0.9967439099657276
0.9967439090912
0.996744505575571
0.9967445054479751
0.9967445049448114
0.9967446973517442
0.9967446973594214
0.9967446973858692
0.9967447489694456
0.9967447500496378
0.9967447498398305
0.9967447638789734
0.9967447630750229
0.996744763296756
0.9967447705307507
0.9967447724770443
0.9967447723172241
0.9967447736424263
0.996744773902775
0.9967447741335628
0.9967447743630624
0.9967447747964858
0.9967447737912523
0.996744774491259
0.996744774804033
0.9967447750631826
0.9967447746746338
0.996744774972756
0.996744773596217
0.9967447745771135
0.9967447752099365
0.9967447751728948
0.9967447750023593
0.996744775814166
0.9967447748507714
0.9967447747744029
0.996744775563193
0.9967447755066281
0.9967447745105145
0.9967447747938525
0.9967447748902807
0.9967447753389103
0.9967447739960615
0.9967447749158298
0.9967447753389103
Phase:  [2.01550855 0.59866981 0.59865221 0.59872964 0.5984585 ]
Final Fidelity:  0.9967447753389103
Final Params:  [0.5045   0.222222]
