Optimizing ARP for b =  50.0
Optimizing Delta, T, and phases
0.9940590501661953
0.9940590502703015
0.9940590499874
0.9949762634714058
0.9949762639766774
0.9949762630823216
[0.51491062 0.20434247]
0.9966207844953981
0.9966207839915737
0.9966207844565097
[0.56543778 0.16543405]
0.9964059045878482
0.9964059077970727
0.9964059051620309
0.9965137724211824
0.9965137731742354
0.9965137724845603
0.9965756610569997
0.9965756607297681
0.9965756618859719
0.9966127493915389
0.9966127500546342
0.9966127493968912
0.9966173895505923
0.9966173904613476
0.9966173899359553
0.9966192604259138
0.9966192608157665
0.9966192600410706
0.9966202397124801
0.9966202396871208
0.9966202387787021
0.9966206411094639
0.996620640891409
0.9966206406328152
0.9966207534986676
0.9966207529581443
0.9966207530304733
0.9966207790425379
0.9966207799742249
0.9966207804899638
0.9966207809323222
0.9966207818468142
0.9966207817557193
0.9966207829945841
0.9966207849051615
0.9966207840520086
0.996620785404963
0.9966207839276763
0.9966207838078875
0.996620783020054
0.9966207852648239
0.9966207835637259
0.9966207833006274
0.9966207840919287
0.9966207832872794
0.996620785404963
0.9966207839276763
0.9966207838078875
[0.56543773 0.16543405]
0.996620785404963
Phase:  [-1.73513748 -2.55262478 -2.55232486 -2.55221545 -2.55209843]
Final Fidelity:  0.996620785404963
Final Params:  [0.56543773 0.16543405]
