Optimizing ARP for b =  150.0
Optimizing Delta, T, and phases
0.9923425535064596
0.992342554311954
0.9923425537192334
0.9930477550180685
0.9930477546139712
0.9930477542300062
[0.58504943 0.24349938]
0.9938681020835938
0.9938681016937281
0.9938680995696682
0.9963195444675409
0.9963195453167433
0.9963195442709881
[0.48289153 0.12058294]
0.9964477123723421
0.9964477119032084
0.9964477132675176
[0.55466146 0.1       ]
0.9961416888455041
0.9961416892333892
0.9961416888154592
0.9970790476523906
0.9970790477202066
0.9970790478679536
[0.55849137 0.11840629]
0.9966986333043679
0.9966986292164353
0.9966986293504928
0.9969522040374021
0.9969522038843707
0.9969522038076806
0.9970186135712887
0.9970186130421101
0.9970186134246297
0.9970496229234564
0.9970496232317311
0.9970496229762045
0.9970752040943703
0.9970752036523671
0.9970752040967813
0.9970779961695667
0.9970779958802835
0.997077995567166
0.9970786500793791
0.9970786499307772
0.9970786491050692
0.9970788862227367
0.9970788868237425
0.9970788867209348
0.9970790350990018
0.997079035775228
0.997079035753329
0.9970790467260126
0.9970790470492517
0.9970790469365303
0.9970790472145176
0.9970790469381662
0.9970790479281368
0.9970790475199351
0.9970790477589944
0.9970790471874248
0.9970790474770808
0.997079047750455
0.9970790474334476
0.9970790478414356
0.9970790483799958
0.9970790480558436
0.9970790477039467
0.9970790477420073
0.9970790471898895
0.9970790478414356
0.9970790483799958
0.9970790480558436
0.997079047575333
0.9970790476941646
0.9970790472991318
0.9970790478414356
0.9970790483799958
0.9970790480558436
0.9967777759998916
0.9967777749728525
0.9967777750198958
0.9969581015848709
0.9969581017680845
0.9969581014786502
0.9970505907840015
0.9970505911298138
0.9970505905516649
0.9970746799829096
0.9970746808428036
0.9970746797047864
0.997078487211515
0.9970784863275781
0.9970784862937695
0.9970788400691921
0.9970788403675115
0.9970788400773923
0.9970790236603473
0.9970790233756105
0.9970790235798772
0.9970790439883688
0.9970790433409481
0.9970790435236866
0.99707904584222
0.99707904694728
0.9970790465686885
0.99707904790943
0.9970790480244749
0.9970790474346471
0.9970790477398315
0.9970790476351092
0.9970790473204987
0.9970790476733762
