ddfac=0.3
Optimizing SP for b =  10.0
Optimizing Delta, T, and phases
0 1.0
0 1.0
1 0.9998130484657792
1 0.9998255793266615
2 0.9998130484657792
2 0.9998255793266615
3 0.9996461230123761
3 0.9996698370233259
4 0.9998130484657792
4 0.9998255793266615
5 0.9996461230123761
5 0.9996698370233259
6 0.9996461230123761
6 0.9996698370233259
7 0.9994954704926103
7 0.9995293347864387
8 0.9998130484657792
8 0.9998255793266615
9 0.9996461230123761
9 0.9996698370233259
10 0.9996461230123761
10 0.9996698370233259
11 0.9994954704926103
11 0.9995293347864387
12 0.9996461230123761
12 0.9996698370233259
13 0.9994954704926103
13 0.9995293347864386
14 0.9994954704926103
14 0.9995293347864386
15 0.9993566914101804
15 0.9993998851027707
16 0.9998130484657792
16 0.9998255793266615
17 0.9996769790569716
17 0.9996984730237078
18 0.9996769790569716
18 0.9996984730237078
19 0.9995439403756801
19 0.9995742246950311
20 0.9996769790569716
20 0.9996984730237078
21 0.9995439403756801
21 0.9995742246950311
22 0.9995439403756801
22 0.9995742246950311
23 0.9994173620421161
23 0.9994561418629648
24 0.9996769790569716
24 0.9996984730237078
25 0.9995439403756801
25 0.9995742246950311
26 0.9995439403756801
26 0.9995742246950311
27 0.9994173620421161
27 0.9994561418629648
28 0.9995439403756801
28 0.9995742246950311
29 0.9994173620421161
29 0.9994561418629648
30 0.9994173620421161
30 0.9994561418629648
31 0.9992969732699025
31 0.9993439057737938
32 0.1635782293625337
32 0.999627299745033
0.9742665685777773
Final Fidelity:  0.9742665685777773
Leakage=0.999627247159318 
