Optimizing ARP for b =  70.0
Optimizing Delta, T, and phases
0.9934544542653729
0.9934544537333222
0.9934544523910918
0.9907647542227483
0.9907647559774634
0.9907647562203046
0.9955820234890932
0.9955820228863851
0.9955820233495758
[0.48006859 0.16609847]
0.9956670983945327
0.9956670978794104
0.9956670968734721
0.9699810184618188
0.9699810216053859
0.9699810064450014
0.9957086043373063
0.9957086037558129
0.9957086042437812
0.9937869125386944
0.9937869135810242
0.9937869118218112
0.9956412990248521
0.995641297732731
0.9956412982189375
0.9957146472126659
0.995714647436266
0.9957146470668508
[0.44342295 0.14848625]
0.9958542626155286
0.9958542627415642
0.9958542617682475
0.9963007978287586
0.9963007985422389
0.9963007983874651
0.9972710618343766
0.9972710618378032
0.9972710612327044
[0.58620164 0.12253259]
0.997211676739686
0.9972116764029089
0.9972116770749458
0.9973846958278512
0.9973846965677158
0.9973846956910571
0.9974377611421341
0.9974377615020305
0.9974377624086544
0.9974230127254787
0.9974230131010111
0.9974230125865557
[0.59253064 0.1121974 ]
0.997407576340932
0.997407576882624
0.9974075770381663
0.9974487989244322
0.9974487996237208
0.997448799807787
[0.59648841 0.10817054]
0.9974636218379151
0.9974636220445589
0.9974636221448943
[0.6       0.1100632]
0.9958511301703796
0.995851130334915
0.9958511298857025
0.9972572641611759
0.9972572640988022
0.9972572640980005
0.9974261198917878
0.9974261203201188
0.9974261203660588
0.997458887428239
0.9974588869285584
0.9974588869316653
0.9974623593899485
0.9974623598172575
0.997462360200868
0.9974634239502846
0.9974634245372707
0.9974634250294288
0.9974635933847412
0.9974635931441024
0.9974635934633876
0.9974636164861205
0.997463615986623
0.9974636157867021
0.9974636200347097
0.9974636193809578
0.9974636195274411
0.9974636208469028
0.9974636211743484
0.9974636220316598
0.9974636221088323
0.9974636222433834
0.9974636221135168
[0.59999999 0.11006321]
0.9974636221088323
Phase:  [2.8182951  1.30916913 1.30895371 1.3092235  1.30879426]
Final Fidelity:  0.9974636221088323
Final Params:  [0.59999999 0.11006321]
