Optimizing ARP for b =  130.0
Optimizing Delta, T, and phases
0.9925187173722955
0.9925187180875389
0.9925187174265185
0.9938060092432884
0.9938060094104231
0.9938060083803002
[0.57602434 0.22764431]
0.9955473665568976
0.9955473670576336
0.9955473671899572
0.9947572304453604
0.9947572295399469
0.9947572289737215
[0.58798506 0.21061965]
0.9971754186260572
0.9971754182741956
0.9971754186501933
[0.6 0.1]
0.9972536012902198
0.9972536010888465
0.9972536013057998
[0.6        0.10162133]
0.9973576017922307
0.9973576012635444
0.9973576019151735
0.9973228218754688
0.997322821921469
0.9973228223160562
0.9973805203660696
0.9973805202206499
0.9973805204043901
0.9973812914454298
0.9973812921453608
0.9973812922094979
0.9973958634200051
0.9973958626999176
0.9973958627823004
0.9974070149530665
0.9974070135415466
0.9974070134044493
0.9974025547553409
0.9974025538667076
0.9974025549842856
0.9974061350003618
0.9974061334804821
0.9974061336514778
