Optimizing ARP for b =  10.0
Optimizing Delta, T, and phases
0.9160868481776241
0.9168200046564505
0.9399620492326647
0.9446238574711614
0.9577115815524991
[24.725   0.5805]
0.9642799336525923
0.9702595702067464
[23.2875   0.64125]
0.9783091964040149
0.9491041566936596
[25.0125   0.65475]
0.9445337547856563
0.9712787480784203
[25.0125   0.65475]
0.9825626143806829
0.9865394600955977
[27.6    0.621]
0.9785870631985236
[27.6    0.621]
0.992075985331429
0.9935264894834149
[33.6375   0.61425]
0.9797636939286782
0.9895974821895493
[33.6375   0.61425]
0.9903857122861123
[33.6375   0.61425]
0.9897878333254778
0.9920220962481389
[33.6375   0.61425]
0.9901918294857222
0.9923296508492677
[33.6375   0.61425]
0.9930974836090353
[33.6375   0.61425]
0.9910729582084833
0.9932208849281657
[33.6375   0.61425]
0.992846781162412
0.9934239243953534
[33.6375   0.61425]
0.9932785592967355
0.9934854742866732
[33.6375   0.61425]
0.9932283441777241
0.9935240033930705
[33.6375   0.61425]
0.993513033809666
0.9935417781649943
[33.82707119  0.61217101]
0.9934346681053645
0.9935472144150199
[33.55482116  0.61259749]
0.9935134389187795
0.9935436547977627
[33.55482116  0.61259749]
0.9935431382843716
0.9935472152484925
[33.50074759  0.61335046]
0.9935383696096636
0.9935477040759441
[33.59600373  0.61314555]
0.9935410902401021
0.9935483400171744
[33.55159841  0.61292275]
0.9935480905070783
[33.55159841  0.61292275]
0.9935475103447239
0.9935483423749383
[33.5976151   0.61298292]
0.9935476933115567
0.9935484326290589
[33.61073065  0.61283534]
0.9935474256019905
0.9935484685129148
[33.57788564  0.61291594]
0.9935484946136401
0.9935481576786046
[33.59100119  0.61276836]
0.9935483153124665
0.9935485228905654
[33.59758704  0.61283874]
0.9935483580877672
0.9935484969079167
[33.59758704  0.61283874]
0.9935484506352895
0.9935484844445617
0.9935485873865282
0.9935484607190023
[33.59183846  0.61284924]
0.9935485112211249
0.993548533007502
[33.59183846  0.61284924]
0.9935484559325559
0.9935485012013727
0.9935487300462663
0.9935485076352863
[33.59338026  0.61285673]
0.9935485439476016
0.9935485683243737
[33.59338026  0.61285673]
0.9935487271570413
[33.59338026  0.61285673]
0.9935485155891097
0.9935484713503252
0.993548718777292
0.9935484669986739
[33.59338026  0.61285673]
0.9935484715008731
0.9935484871240354
[33.59338026  0.61285673]
0.9935484710345387
0.9935485317772353
[33.59338026  0.61285673]
0.9935484944473619
0.9935484492533498
0.9935487236125755
0.9935484517262441
[33.59338026  0.61285673]
0.9935485078031758
0.9935488281062527
[33.59336279  0.61285559]
0.9935488281062527
Phase:  [ 2.94213921 -0.07064352 -0.07102208]
Final Fidelity:  0.9935488281062527
Final Params:  [33.59336279  0.61285559]
