Optimizing ARP for b =  200.0
Optimizing Delta, T, and phases
0.8307966534105533
0.8382730397696978
0.8236812830865197
0.8479662219790381
0.863930350061949
[24.725  0.486]
0.8730776705976337
0.8956423979982144
[27.3125  0.459 ]
0.9193731335995003
0.9354086365204183
[29.75625  0.3375 ]
0.9273931256794615
[29.75625  0.3375 ]
0.8152500863453803
0.9283806209455027
[29.75625  0.3375 ]
0.9069203213931744
0.9351248103469608
[29.75625  0.3375 ]
0.9132964415487766
0.9340641416589673
[29.75625  0.3375 ]
0.9295380614537315
0.9353780072419358
[29.75625  0.3375 ]
0.9343805026755235
0.9354931340659305
[30.403125  0.340875]
0.934437372651751
0.9355329186025199
[30.06171875  0.34509375]
0.9356146112017167
0.9356452187179992
[31.18476563  0.35395312]
0.935525090752726
0.9355844557814619
[31.18476563  0.35395312]
0.9356972746362481
0.9358201128886355
[32.75366211  0.37151367]
0.9357910454065718
[32.75366211  0.37151367]
0.9362902453853423
0.9364907661384788
[36.56865234  0.40679297]
0.9364733020184397
[36.56865234  0.40679297]
0.9360923686696456
0.9362805639572752
[36.56865234  0.40679297]
0.9362720144114447
0.9364268355263925
[36.56865234  0.40679297]
0.9364414999835498
0.9364824629681274
[36.56865234  0.40679297]
0.9364801688757151
0.9364927500628263
[36.28859253  0.40350366]
0.9364497288277702
0.9364946132993043
[36.16144257  0.40374261]
0.9364797763785108
0.9364950550827976
[36.39683495  0.40520805]
0.9364950778861497
0.9364899783707825
[36.26968498  0.40544701]
0.9364932644244144
0.9364959255590233
[36.24735126  0.40453507]
0.9364902892554189
0.9364961987005749
[36.32767653  0.40509955]
0.9364951000621632
0.9364959410320545
[36.32767653  0.40509955]
0.936495380505303
0.9364961383749659
[36.32767653  0.40509955]
0.936496139194553
[36.32767653  0.40509955]
0.936495939785921
0.9364960157627463
0.9364958708453334
0.9364962269715515
[36.3036892   0.40488379]
0.9364961896508058
0.9364961746299858
0.9364961900929231
0.9364962684748642
[36.31150124  0.40503306]
0.9364960153160279
0.9364962504322782
[36.31150124  0.40503306]
0.9364962338659182
0.9364963004650513
[36.31551061  0.40506419]
0.9364963101562427
0.9364956969233836
[36.31537281  0.4051222 ]
0.9364961996074771
0.9364962489278472
0.9364962641573843
0.93649631330979
[36.31343703  0.40507763]
0.9364963232016772
0.9364962973233074
[36.31336812  0.40510664]
0.9364963094970674
0.9364963077425744
0.9364962920609867
0.9364959358671437
[36.31336812  0.40510664]
0.9364962615142249
0.9364962640192172
[36.31336812  0.40510664]
0.9364961560343985
0.9364962729030485
[36.31336812  0.40510664]
0.9364962973300275
[36.31336812  0.40510664]
0.9364962572115157
0.9364963235359103
[36.31345123  0.40509852]
0.9364962580157451
0.9364962248878597
0.9364958371198586
0.9364962821000262
[36.31345123  0.40509852]
0.9364963235359103
Phase:  [3.81586092 0.43769905 0.4375956 ]
Final Fidelity:  0.9364963235359103
Final Params:  [36.31345123  0.40509852]
