Optimizing ARP for b =  90.0
Optimizing Delta, T, and phases
0.7930485585538399
0.8001213457950012
0.7818588601049069
0.8139186411642889
0.8342124181680367
[24.725  0.486]
0.8441011810224353
0.8731155355217746
[27.3125  0.459 ]
0.9067753776082192
0.9327033501759742
[29.75625  0.3375 ]
0.9279885944181765
[29.75625  0.3375 ]
0.8179578394579117
0.9194724895605293
[29.75625  0.3375 ]
0.8863202953911972
0.9307615749489233
[29.75625  0.3375 ]
0.9125015509970306
0.9327986962342161
[31.13984375  0.3290625 ]
0.929082843077954
0.9324970858718861
[31.13984375  0.3290625 ]
0.9320910812320019
0.9329580093767981
[30.36494141  0.33939844]
0.9326344144357533
0.9330234102101426
[30.25432129  0.33586523]
0.931502517859083
0.9331040277193736
[30.72473755  0.33334717]
0.9329745191423291
0.9330696970833803
[30.72473755  0.33334717]
0.9328872543587821
0.9330897952362261
[30.72473755  0.33334717]
0.9331222715792342
0.9331219645694112
[30.61921501  0.33545901]
0.9331282815942964
0.9331093919435055
[30.89765167  0.33448425]
0.9331485565749836
0.9331472778080315
[30.79212914  0.3365961 ]
0.933144219869217
[30.79212914  0.3365961 ]
0.9331685126104117
0.9331672220037116
[30.96504326  0.33773318]
0.933106806907677
0.9331600405040362
[30.96504326  0.33773318]
0.9331727789735129
0.9331679098495318
[31.14749012  0.33753008]
0.9331824804367229
0.9331877382028123
[31.21964808  0.34010891]
0.9331873046276997
[31.21964808  0.34010891]
0.9331959453196466
0.9331928378280065
[31.47425289  0.34248463]
0.9331772096259738
0.9331928907453116
[31.47425289  0.34248463]
0.9331960442213765
0.9331908821287613
[31.62912753  0.34297701]
0.9331963913356396
0.9331926225543105
[31.72885771  0.34486036]
0.9331924640977517
0.9331972757932508
[31.57662275  0.34320166]
0.9331944235902361
0.9331972313363984
[31.57662275  0.34320166]
0.9331960842652358
0.9331970362526761
[31.57662275  0.34320166]
0.9331968028475388
0.9331971593373923
[31.57662275  0.34320166]
0.9331970157043168
0.9331963598709375
0.9331971155476378
0.9331971747829941
[31.57662275  0.34320166]
0.933196780706476
0.9331971334313759
[31.57662275  0.34320166]
0.9331969767903079
0.9331971909086201
[31.57662275  0.34320166]
0.933197032998796
0.9331970562589577
0.9331973357136445
0.9331971046368575
[31.58647114  0.34327006]
0.933196447176138
0.9331971821266388
[31.58647114  0.34327006]
0.9331970420109532
0.9331970550316698
0.9331971397990194
0.9331971304874572
[31.58647114  0.34327006]
0.9331965862305555
0.9331970916890175
0.9331970679046105
0.9331971525103993
[31.58647114  0.34327006]
0.9331971703094251
[31.58647114  0.34327006]
0.9331970680558149
0.9331972724001457
[31.58647114  0.34327006]
0.9331970782104908
0.9331972478491657
[31.58647114  0.34327006]
0.9331972622931282
0.9331970927798058
0.9331972047057111
0.9331972819177177
[31.58647114  0.34327006]
0.9331972091704058
0.9331972147747133
[31.58647114  0.34327006]
0.9331972106834774
0.9331972121064547
0.9331972141478164
0.93319705755753
[31.58647114  0.34327006]
0.9331970525757207
0.9331970542495888
0.93319705358317
0.9331971648419704
[31.58647114  0.34327006]
0.9331971022781421
0.9331970469361678
0.9331973094003421
0.9331971648643016
[31.58647114  0.34327006]
0.9331973357136445
Phase:  [-2.03347774  0.65609233  0.65640438]
Final Fidelity:  0.9331973357136445
Final Params:  [31.58647114  0.34327006]
