Optimizing ARP for b =  600.0
Optimizing Delta, T, and phases
0.9993168848793842
0.999326778206022
0.9992317846675322
0.9993522301008616
0.9992123889134348
[24.15   0.513]
0.99931854843484
0.999340401808145
[24.15   0.513]
0.99926973451683
0.999345071173808
[24.15   0.513]
0.9993599444776139
0.9993631395502394
[23.215625    0.52228125]
0.9993203785706414
0.9993561906442296
[23.215625    0.52228125]
0.9993420228647539
0.9993597989371055
[23.215625    0.52228125]
0.9993636487281468
0.9993518841445768
[23.10332031  0.51716602]
0.9993592254118101
0.9993634875739315
[23.10332031  0.51716602]
0.9993589600717026
0.9993643801659283
[23.26307373  0.52012244]
0.9993634714273137
0.9993643148620135
[23.26307373  0.52012244]
0.9993625331914988
0.9993644430810391
[23.20504379  0.5182893 ]
0.9993646080382244
0.9993643681320249
[23.11765671  0.51970901]
0.9993641945506648
0.9993647060522377
[23.21221199  0.51956079]
0.9993641774118927
0.9993646405003062
[23.21221199  0.51956079]
0.9993645434032963
0.9993646648823888
[23.21221199  0.51956079]
0.9993645926522272
0.9993647632456862
[23.18507969  0.51924256]
0.9993646669280201
0.9993646744142073
[23.18507969  0.51924256]
0.9993638835824685
0.9993646761298361
[23.18507969  0.51924256]
0.999364683433554
0.999364745546315
[23.18507969  0.51924256]
0.9993647672856336
0.9993647407886509
[23.16644888  0.51909388]
0.999364822794238
0.9993646279792587
[23.15794739  0.51892432]
0.9993646405779458
0.9993646750608476
0.9993647083455627
0.9993645938809901
[23.15794739  0.51892432]
0.9993646117759769
0.9993645973423856
0.9993646982475228
0.999364680911348
[23.15794739  0.51892432]
0.9993646749573417
0.9993646329146183
0.9993647405912034
0.9993647884527019
[23.15794739  0.51892432]
0.9993645781104548
0.9993647460459856
[23.15794739  0.51892432]
0.9993647337673013
0.9993645451935788
0.9993647176945081
0.9993647416765189
[23.15794739  0.51892432]
0.9993646746232204
0.9993645947581645
0.9993647609223383
0.9993648189728913
[23.15794739  0.51892432]
0.9993648364567005
0.9993647127867804
[23.15845046  0.51892913]
0.9993647087996886
0.9993646794804605
0.999364742595613
0.9993646358752378
[23.15845046  0.51892913]
0.999364719826801
0.9993648152692383
[23.15845046  0.51892913]
0.9993646797003948
0.99936467586312
0.9993647518187039
0.9993646611946824
[23.15845046  0.51892913]
0.9993646110152621
0.9993646769944509
[23.15845046  0.51892913]
0.9993646249230058
0.9993646384464573
0.999364655696942
0.9993646609645267
[23.15845046  0.51892913]
0.9993648364567005
Phase:  [0.15614065 0.15617463 0.15619273]
Final Fidelity:  0.9993648364567005
Final Params:  [23.15845046  0.51892913]
