Optimizing ARP for b =  500.0
Optimizing Delta, T, and phases
0.9995157549373821
0.9995419628664256
0.9994354127774842
0.9994758620074607
0.9995357967204567
[24.15  0.54]
0.9995172163858276
0.9995352855802359
[24.15  0.54]
0.999540599829641
[24.15  0.54]
0.9995255436112006
0.9995443397790584
[23.84453125  0.53240625]
0.9995385396400784
0.9995442495050355
[23.84453125  0.53240625]
0.9995339629838034
0.9995446040164265
[23.97368164  0.53720508]
0.9995441533176813
0.9995448813321753
[23.82965088  0.53560986]
0.9995425530268007
0.9995453409896945
[23.87309875  0.53440686]
0.9995439519908469
0.9995449570280684
[23.87309875  0.53440686]
0.9995450446229652
[23.87309875  0.53440686]
0.9995448221560937
0.9995452004684005
[23.87309875  0.53440686]
0.9995450604178282
0.9995450605807179
[23.87309875  0.53440686]
0.9995452992670759
[23.87309875  0.53440686]
0.9995450761723601
0.9995451218680386
0.9995451325840826
0.9995450920375765
[23.87309875  0.53440686]
0.9995448533595899
0.9995449830410724
0.9995452751514333
0.999545042531238
[23.87309875  0.53440686]
0.9995450644861309
0.9995451080913825
[23.87309875  0.53440686]
0.9995452790361234
[23.87309875  0.53440686]
0.9995450735106527
0.9995451362450402
0.999545063250749
0.9995450959804792
[23.87309875  0.53440686]
0.9995449867402598
0.9995452652330279
[23.87309875  0.53440686]
0.9995451953815693
0.9995450952503679
0.9995452544468586
0.9995451277077085
[23.87309875  0.53440686]
0.9995450471101619
0.9995453243411418
[23.87309875  0.53440686]
0.9995451114505813
0.9995450694543478
0.9995449480585803
0.9995452979493805
[23.87309875  0.53440686]
0.9995451976368311
0.9995450613608953
0.9995450675658416
0.9995452274861987
[23.87309875  0.53440686]
0.999545094324887
0.9995450932793981
0.9995451405017507
0.9995451311997217
[23.87309875  0.53440686]
0.9995452393597167
[23.87309875  0.53440686]
0.9995449757399929
0.9995450293851261
0.9995452715257485
0.9995450644904351
[23.87309875  0.53440686]
0.9995450356469446
0.9995450536526796
0.9995453058416071
0.9995450694899811
[23.87309875  0.53440686]
0.9995453409896945
Phase:  [0.22561988 0.22537949 0.22533058 0.22538101]
Final Fidelity:  0.9995453409896945
Final Params:  [23.87309875  0.53440686]
