Optimizing ARP for b =  400.0
Optimizing Delta, T, and phases
0.9986181734997857
0.9986153009757152
0.9984792132593926
0.9987518103248207
0.9987621479583926
[24.725  0.486]
0.9986198751383298
[24.725  0.486]
0.9984269731706992
0.9987526490751655
[24.725  0.486]
0.9987494326764873
0.9987750625730012
[24.4375   0.50625]
0.9987626784435427
[24.4375   0.50625]
0.9987817808929094
0.9987602386722254
[25.3     0.4995]
0.9986860440941745
0.9987873069966748
[25.228125   0.4910625]
0.998773715141449
0.9987847639631128
[25.228125   0.4910625]
0.998785358333268
[25.228125   0.4910625]
0.9987652925823824
0.998787408681407
[24.92714844  0.49623047]
0.998786438063819
0.9987879306712131
[25.22700195  0.49430566]
0.998786031154231
0.9987884446439839
[25.1526001   0.49316528]
0.9987855252193582
0.9987886746859814
[25.05847473  0.49498297]
0.9987886006973621
[25.05847473  0.49498297]
0.9987888496471737
0.9987876320235678
[24.88994751  0.49566028]
0.9987886422899857
0.9987887913117652
[24.88994751  0.49566028]
0.99878854106205
0.9987887774854451
[24.88994751  0.49566028]
0.9987888957291983
0.9987885437001811
[24.86518345  0.49629958]
0.9987886240431616
0.998787588420881
0.9987888999592943
0.9987875997557323
[24.87756548  0.49597993]
0.9987887664598354
0.9987880540090718
0.9987887988516265
0.9987889443297767
[24.89739866  0.49608014]
0.9987886930591512
0.9987888372328435
[24.89739866  0.49608014]
0.9987887645186597
0.9987887689807934
0.9987889631492671
0.9987876793032641
[24.88748207  0.49603004]
0.9987887374644883
0.9987888354075788
[24.88748207  0.49603004]
0.998788736744763
0.9987889224570833
[24.88748207  0.49603004]
0.9987887426078985
0.9987877476639849
0.9987887996629481
0.9987887927644334
[24.88748207  0.49603004]
0.9987889009657126
[24.88748207  0.49603004]
0.9987888159227741
0.998788763894586
0.9987887082024606
0.9987887648960101
[24.88748207  0.49603004]
0.9987888685017499
[24.88748207  0.49603004]
0.998788860445855
0.9987888270462285
0.9987872894421798
0.9987888380374522
[24.88748207  0.49603004]
0.9987887734499787
0.9987889554281082
[24.88748207  0.49603004]
0.998789060077734
0.9987890510302928
[24.88679936  0.49602733]
0.9987887478377482
0.9987888218071218
0.9987875869331969
0.9987889057737318
[24.88679936  0.49602733]
0.9987887141736792
0.9987889853015718
[24.88679936  0.49602733]
0.9987887942997142
0.9987886905735526
0.9987888677811434
0.9987878004482809
[24.88679936  0.49602733]
0.9987888076226696
0.9987888769342911
[24.88679936  0.49602733]
0.9987889595438995
[24.88679936  0.49602733]
0.9987887821395146
0.9987887144430525
0.9987887681240208
0.9987889835159143
[24.88679936  0.49602733]
0.998789060077734
Phase:  [0.2242753  0.22409239 0.2241093 ]
Final Fidelity:  0.998789060077734
Final Params:  [24.88679936  0.49602733]
