Optimizing ARP for b =  150.0
Optimizing Delta, T, and phases
0.9953523683059895
0.9949609072239581
0.9954839989913532
0.995641777092614
0.9955976766924222
[21.85   0.567]
0.9955544548944704
[21.85   0.567]
0.9955750511618998
[21.85   0.567]
0.9955924035868025
[21.85   0.567]
0.9956082181386147
[21.85   0.567]
0.9953523683059895
0.9956501494120958
[21.275    0.56025]
0.9956163706224276
0.9956476574669705
[21.275    0.56025]
0.9956144651324351
0.9956522951091188
[21.5984375   0.56742188]
0.9956517554273054
[21.5984375   0.56742188]
0.9956411161399252
0.9956524915392921
[21.40078125  0.56003906]
0.9956469301727595
0.9956518165766246
[21.40078125  0.56003906]
0.9956529435636432
0.9956469301727595
[21.52207031  0.56947852]
0.9956502014867146
0.9956535066994969
[21.52993164  0.56609033]
0.9956434593949737
0.9956536698460849
[21.46339111  0.56391174]
0.9956519103742357
0.9956537076645351
[21.50936584  0.56723978]
0.995652560982181
0.9956538161137536
[21.50815506  0.56583305]
0.9956524299248738
0.9956542263795063
[21.48607578  0.56522408]
0.9956536579283132
0.9956524598896824
0.9956537938666712
0.9956537338652938
[21.48607578  0.56522408]
0.9956536055415727
0.9956538564626525
[21.48607578  0.56522408]
0.9956527604902453
0.9956537157225187
0.9956527753001457
0.9956538011766861
[21.48607578  0.56522408]
0.9956538482607545
[21.48607578  0.56522408]
0.9956527926546591
0.9956538319753648
[21.48607578  0.56522408]
0.995653809275703
0.9956539152091576
[21.48607578  0.56522408]
0.9956538482240083
0.9956529379612259
0.9956538828400701
0.9956536997610993
[21.48607578  0.56522408]
0.9956526882662786
0.995653941546557
[21.48607578  0.56522408]
0.9956538717368602
0.9956540583611138
[21.48607578  0.56522408]
0.9956525434767967
0.9956538582120777
0.9956539971808306
0.9956539177999252
[21.48607578  0.56522408]
0.9956538999290936
0.9956538847786579
0.9956542441289844
0.9956539018411134
[21.4862244   0.56522097]
0.9956539568544487
0.9956542148689111
[21.4862244   0.56522097]
0.9956538713021179
0.9956542102592925
0.9956531713086001
0.9956542121398613
[21.4862244   0.56522097]
0.9956542441289844
Phase:  [0.74033622 0.07080197 0.07063854 0.07057811]
Final Fidelity:  0.9956542441289844
Final Params:  [21.4862244   0.56522097]
