Optimizing ARP for b =  300.0
Optimizing Delta, T, and phases
0.9973874390158755
0.9973592945917711
0.9971542550683365
0.9976982081802055
0.9980079275466467
[24.725  0.486]
0.9979361696108934
[24.725  0.486]
0.9979674156964388
[24.725  0.486]
0.997947880588729
0.9980078221657653
[24.725  0.486]
0.9978901874448713
0.997975923706127
[24.725  0.486]
0.9980304851291917
0.9978901867396
[25.1921875  0.482625 ]
0.9975591479598902
0.9980499139970798
[25.34492188  0.46490625]
0.9980687431539969
0.9980408257143036
[25.81210938  0.46153125]
0.9980111231444894
0.9980613285549467
[25.81210938  0.46153125]
0.9980767657057679
0.9980759428565074
[25.85253906  0.46954687]
0.9980729569345584
[25.85253906  0.46954687]
0.9980832621145491
0.9980808363748401
[26.31972656  0.46617187]
0.998057976967859
0.9980808054990686
[26.31972656  0.46617187]
0.9980766683992914
0.998081099435402
[26.31972656  0.46617187]
0.9980793777062327
0.9980823019430978
[26.31972656  0.46617187]
0.99808316757585
[26.31972656  0.46617187]
0.9980825275583125
0.9980833910949014
[26.48674469  0.46516003]
0.998083179624093
0.9980831811046196
[26.48674469  0.46516003]
0.9980833242392745
[26.48674469  0.46516003]
0.9980822164542974
0.9980834120456306
[26.38846712  0.46557388]
0.998083491678982
0.9980829357133627
[26.44754114  0.46594219]
0.9980833684313499
0.9980820737474656
0.9980834220491557
0.9980833527741463
[26.44754114  0.46594219]
0.9980832790636435
0.9980835713640102
[26.44995778  0.46570061]
0.9980831306361213
0.9980834503359658
[26.44995778  0.46570061]
0.9980832040047432
0.9980833931318158
0.9980834121614511
0.9980833997662519
[26.44995778  0.46570061]
0.9980831938147403
0.9980835940469042
[26.44551045  0.46575309]
0.9980832360778202
0.9980832242244243
0.9980833751985111
0.9980833701726588
[26.44551045  0.46575309]
0.998083378024797
[26.44551045  0.46575309]
0.998083514626363
[26.44551045  0.46575309]
0.9980836808060668
0.9980833335188066
[26.44328679  0.46577932]
0.9980832966627485
0.9980834232006818
0.9980832676058721
0.9980834476486797
[26.44328679  0.46577932]
0.998083362350894
0.9980833019242187
0.9980835460760707
0.9980833514099074
[26.44328679  0.46577932]
0.998083331743158
0.9980833613761517
[26.44328679  0.46577932]
0.998083420131902
0.9980835326013623
[26.44328679  0.46577932]
0.998083367100575
0.9980831455886412
0.9980832885256321
0.9980832572986363
[26.44328679  0.46577932]
0.9980836808060668
Phase:  [0.28114008 0.28073011 0.28115692]
Final Fidelity:  0.9980836808060668
Final Params:  [26.44328679  0.46577932]
