Optimizing ARP for b =  500.0
Optimizing Delta, T, and phases
0.9990915220968126
0.999097753274446
0.9989891943840109
0.9991579256270814
0.9990634732045999
[24.15   0.513]
0.9991314055439886
[24.15   0.513]
0.9990843838432962
0.9991313105192452
[24.15   0.513]
0.9991348076736404
[24.15   0.513]
0.9991237502388125
0.9991441645778509
[24.15   0.513]
0.9991445205254645
[24.15   0.513]
0.9991404703946112
0.9991514922301709
[24.15   0.513]
0.9991474588629232
0.9991529058834149
[24.15   0.513]
0.9991568788566971
[24.15   0.513]
0.9991611778282415
0.9991621096408204
[23.42451172  0.51394922]
0.9991571000674311
0.9991599569174596
[23.42451172  0.51394922]
0.9991594919455828
0.9991611888014884
[23.42451172  0.51394922]
0.9991599978677013
0.9991613879108737
[23.42451172  0.51394922]
0.999161191994529
0.999161577958027
[23.42451172  0.51394922]
0.9991617428897873
[23.42451172  0.51394922]
0.9991614671266328
0.9991619568520034
[23.42451172  0.51394922]
0.9991618748047938
0.9991618985843331
[23.42451172  0.51394922]
0.9991618473187224
0.9991620625711823
[23.42451172  0.51394922]
0.9991619064251575
0.9991619005767796
0.999161918138895
0.999161955577436
[23.42451172  0.51394922]
0.9991621767222415
0.9991620392214194
[23.44463457  0.51366101]
0.9991618916373681
0.9991620653650359
[23.44463457  0.51366101]
0.9991620471000254
0.9991620614983098
0.9991620421992294
0.9991619905452146
[23.44463457  0.51366101]
0.9991620352602258
0.999161924748431
0.9991620524001557
0.999160697548843
[23.44463457  0.51366101]
0.9991619151515696
0.9991620270582938
[23.44463457  0.51366101]
0.9991620575956676
[23.44463457  0.51366101]
0.9991620383812976
0.9991619998239224
0.9991620149001116
0.9991620201750996
[23.44463457  0.51366101]
0.9991619641004595
0.9991621429779789
[23.44463457  0.51366101]
0.9991620670943149
0.9991620814516808
[23.44463457  0.51366101]
0.9991620050685094
0.9991621677502893
[23.44463457  0.51366101]
0.9991621411409676
0.9991619403506193
0.9991621234537122
0.9991619637442161
[23.44463457  0.51366101]
0.999162046291639
0.9991620810350185
[23.44463457  0.51366101]
0.9991620107535266
0.9991620248607427
0.9991622343109869
0.9991619921412574
[23.4445657   0.51366108]
0.9991618934777899
0.9991621324937741
[23.4445657   0.51366108]
0.9991619868559283
0.9991621450975416
[23.4445657   0.51366108]
0.9991622343109869
Phase:  [0.18582172 0.18576326 0.18565187]
Final Fidelity:  0.9991622343109869
Final Params:  [23.4445657   0.51366108]
