Optimizing ARP for b =  30.0
Optimizing Delta, T, and phases
0.6354532533758601
0.6291765589643734
0.6640797063952008
0.6880773299186457
0.7054367397430265
[20.7     0.5805]
0.6763899102741734
[20.7     0.5805]
0.7651294401315182
0.8547230726978672
[16.1    0.648]
0.840269334307074
[16.1    0.648]
0.8675044894930822
0.5342259191693293
[11.5     0.6885]
0.9125551219800534
0.8793669511082011
[11.5     0.7155]
0.5960813892817388
0.9037448638984954
[11.5     0.7155]
0.9202025201896692
0.9002615693416283
[13.8    0.702]
0.9414506816272548
0.9320766866058724
[11.5     0.7425]
0.9298220737275367
[11.5     0.7425]
0.9471297306727563
0.9218226063171708
[11.5     0.7695]
0.8983552182024026
0.9451711690500342
[11.5     0.7695]
0.9471229821821017
[11.5     0.7695]
0.9420241675654119
0.9484108738062852
[12.3625  0.756 ]
0.9437879342786888
0.9487111877322321
[12.290625  0.766125]
0.9426459084025048
0.9489308741008196
[11.91328125  0.76528125]
0.9476218560748767
0.9489356923354373
[12.23222656  0.76085156]
0.9488513101463614
0.9490696443680955
[11.96381836  0.76153711]
0.9486979058162842
0.9490868541739869
[12.00565186  0.76323779]
0.9485612477619348
0.9491000686407545
[12.10848083  0.76161951]
0.9490507096961924
0.949102790854702
[12.01044235  0.76198288]
0.9490818906259616
0.9491071906585045
[12.03255672  0.76251949]
0.9490331766808487
0.9491117058006514
[12.06499019  0.76193535]
0.9491024816857958
0.9491104062695376
[12.06499019  0.76193535]
0.9491126907267902
0.9491029758106825
[12.06204137  0.761521  ]
0.9491023484497002
0.9491153903802592
[12.04656184  0.76191666]
0.9491105087236636
0.9491145187810885
[12.04656184  0.76191666]
0.9491114836086194
0.9491152468374737
[12.04656184  0.76191666]
0.9491156474145186
0.9491109930084993
[12.04448856  0.76178601]
0.949111107523282
0.9491117236966637
0.9491105495983083
0.9491066755307748
[12.04448856  0.76178601]
0.9491117011613958
[12.04448856  0.76178601]
0.9491134656371404
[12.04448856  0.76178601]
0.9491131570783296
0.9491136900510239
[12.04448856  0.76178601]
0.9491138032123627
[12.04448856  0.76178601]
0.9491066748051569
0.9491137468835821
[12.04448856  0.76178601]
0.9491141661866703
[12.04448856  0.76178601]
0.9491150654330248
[12.04448856  0.76178601]
0.9491117263857894
0.9491152587514584
[12.04448856  0.76178601]
0.9491139875342688
0.9491136299529522
0.9491129005933431
0.949114513733078
[12.04448856  0.76178601]
0.9491135668834343
0.9491162266789618
[12.04393626  0.76179941]
0.9491122094633834
0.9491161584311754
[12.04393626  0.76179941]
0.9491146595161049
0.9491157655298402
[12.04393626  0.76179941]
0.9491162023513167
[12.04393626  0.76179941]
0.949113404668257
0.9491170280628656
[12.04414854  0.76179887]
0.9491163390499171
[12.04414854  0.76179887]
0.9491161943513597
0.9491171298030051
[12.04403472  0.76179807]
0.9491148924131264
0.9491167860956871
[12.04403472  0.76179807]
0.9491173163728168
0.9491148921239612
[12.04407854  0.76180041]
0.9491173163728168
Phase:  [0.62234616 0.17366298 0.17384594 0.17425188 0.17380379]
Final Fidelity:  0.9491173163728168
Final Params:  [12.04407854  0.76180041]
