Optimizing ARP for b =  200.0
Optimizing Delta, T, and phases
0.9961370360094423
0.9956630660792055
0.9964496928676874
0.9966763978506668
0.9967465547129032
[20.7     0.5805]
0.9969167096340186
0.996926116164063
[19.55     0.64125]
0.9964068553015627
0.9968241437772194
[19.55     0.64125]
0.9968464096445703
[19.55     0.64125]
0.9965523771172807
0.9969221388115859
[19.55     0.64125]
0.9968599839852303
0.9969337293560475
[20.03515625  0.61899609]
0.9968835758908243
0.996941624807494
[20.28222656  0.62366309]
0.9968974241295214
0.9969424267786016
[19.8543457   0.63128979]
0.9969283698918526
0.9969426885900968
[20.05172119  0.62323627]
0.9969377079631114
0.9969440957518642
[20.11763     0.62546306]
0.9969375953914681
0.9969442460995672
[19.96951065  0.62781973]
0.9969423217410677
0.9969439736530721
[19.96951065  0.62781973]
0.996943683264205
0.9969441542698803
[19.96951065  0.62781973]
0.9969437606398805
0.9969443309053732
[20.06259468  0.62613399]
0.9969440432920603
0.9969443464734091
[20.03083035  0.62638349]
0.9969438104073446
0.9969443646114003
[20.00811158  0.62703923]
0.9969441108128733
0.9969442367839884
0.9969442512425892
0.9969442216857047
[20.00811158  0.62703923]
0.9969441093305905
0.9969444290873851
[20.0245722   0.62673095]
0.9969441431817457
0.9969442690371326
[20.0245722   0.62673095]
0.9969441990589557
0.996944137213402
0.9969440839560555
0.9969442982756338
[20.0245722   0.62673095]
0.9969443228596574
[20.0245722   0.62673095]
0.9969441849706121
0.9969445053996987
[20.02413012  0.62671765]
0.9969442076114621
0.9969441725288265
0.9969438702370017
0.9969442265140817
[20.02413012  0.62671765]
0.9969443423489782
[20.02413012  0.62671765]
0.996944508003544
0.9969442849857598
[20.02390907  0.62671099]
0.9969444328843526
0.9969442839654884
0.9969444248907566
0.9969442488899812
[20.02390907  0.62671099]
0.9969442096145554
0.996944299809388
[20.02390907  0.62671099]
0.9969442835359216
0.9969443594171522
[20.02390907  0.62671099]
0.9969443552734413
0.9969441916112259
0.9969443831391436
0.9969445823547941
[20.02409665  0.62670827]
0.9969443170836281
0.996944670803548
[20.0239836   0.62671114]
0.9969443414665946
0.9969444118229388
0.9969444501835186
0.9969446300793855
[20.0239836   0.62671114]
0.996944670803548
Phase:  [0.61850382 0.06238409 0.06235713 0.06240313]
Final Fidelity:  0.996944670803548
Final Params:  [20.0239836   0.62671114]
