Optimizing ARP for b =  400.0
Optimizing Delta, T, and phases
0.9993871965229801
0.9994095734808162
0.9992976279166101
0.9993677378978547
0.9994136626890079
[23.8625  0.5265]
0.9993975621139513
0.9994095362250048
[23.8625  0.5265]
0.9994107941584628
[23.8625  0.5265]
0.9993852346709106
0.99941493783439
[23.91640625  0.53578125]
0.9994120816015793
0.9994158787948135
[24.08261719  0.52839844]
0.9994125185771386
0.9994166142723614
[23.93100586  0.52929492]
0.9994056581340365
0.9994171977627805
[23.96160889  0.53231396]
0.9994166860814363
[23.96160889  0.53231396]
0.9994133377393586
0.9994170714318685
[23.96160889  0.53231396]
0.9994167026251641
0.9994174128116343
[23.99751129  0.53090167]
0.9994169534952944
0.9994173385491664
[23.99751129  0.53090167]
0.9994169568981522
0.9994171588863298
0.9994169449863388
0.9994171205944915
[23.99751129  0.53090167]
0.9994168433429089
0.9994169545073662
[23.99751129  0.53090167]
0.9994171336662445
[23.99751129  0.53090167]
0.9994168327979956
0.9994157268887681
0.9994169765467498
0.9994170997781053
[23.99751129  0.53090167]
0.9994170465845942
0.999417178189668
[23.99751129  0.53090167]
0.999417080244474
0.9994169822536654
0.9994170929395453
0.9994159207664357
[23.99751129  0.53090167]
0.9994172208592836
[23.99751129  0.53090167]
0.9994172461177077
[23.99751129  0.53090167]
0.9994170142744793
0.9994170536038525
0.9994170819987238
0.9994171755381849
[23.99751129  0.53090167]
0.9994170789270138
0.9994156048587167
0.999416954790818
0.9994167816994981
[23.99751129  0.53090167]
0.9994169148639556
0.999417220341572
[23.99751129  0.53090167]
0.9994169503645196
0.9994172043846603
[23.99751129  0.53090167]
0.9994170736929064
0.9994157006374279
0.9994169302186372
0.9994153796275931
[23.99751129  0.53090167]
0.9994170463346519
[23.99751129  0.53090167]
0.9994170684536657
[23.99751129  0.53090167]
0.9994170290936157
0.9994168906053837
0.9994172257748674
0.9994171937991572
[23.99751129  0.53090167]
0.9994170493966353
0.9994171536874382
0.9994167572301635
0.9994169165807187
[23.99751129  0.53090167]
0.9994174128116343
Phase:  [0.28014871 0.27976373 0.27991641 0.28019736]
Final Fidelity:  0.9994174128116343
Final Params:  [23.99751129  0.53090167]
