Optimizing ARP for b =  50.0
Optimizing Delta, T, and phases
0.7710115496610626
0.8112438177352399
0.7462784559092421
0.8269595897578591
0.8579523812648209
[24.725  0.486]
0.8816418554148626
0.9045653603812508
[27.3125  0.459 ]
0.9138840012689284
0.9109400136428546
[27.8875  0.405 ]
0.9022986981893136
0.9135661366130945
[27.8875  0.405 ]
0.9163782587571581
0.9034183638739907
[29.6125  0.351 ]
0.9189842974826399
0.9094750030656119
[28.4625  0.351 ]
0.9046997178858676
0.913753317088399
0.9179616308821184
0.9146502277355942
[28.4625  0.351 ]
0.9036121711019346
0.9154284918703574
[28.4625  0.351 ]
0.9136712864131863
0.9174286660801284
[28.4625  0.351 ]
0.9175508226538771
0.9183751693916558
[28.4625  0.351 ]
0.9191617392100772
0.9192732543729165
[27.8515625  0.3459375]
0.9194882723857766
0.919021842396636
[27.4921875  0.3493125]
0.9192129755407886
0.9193855681604209
[27.4921875  0.3493125]
0.919171747633605
0.9194335392279538
[27.4921875  0.3493125]
0.9194760686350203
[27.4921875  0.3493125]
0.919363054612112
0.91949633169167
[27.64042969  0.34825781]
0.9194412386338434
0.9195032482330017
[27.69995117  0.3494707 ]
0.9194610447015397
0.9195013129146549
[27.69995117  0.3494707 ]
0.9194886341123206
0.9195044689633659
[27.64049988  0.34876868]
0.9194965215263601
0.9195058963983129
[27.62570724  0.34910403]
0.9194994184046454
0.9195054191642575
[27.62570724  0.34910403]
0.919503803947151
0.919505624549074
[27.62570724  0.34910403]
0.9195047230667092
0.9195060760612103
[27.65051764  0.34911808]
0.9195056530699766
0.919505728511925
[27.65051764  0.34911808]
0.9195058937623842
0.9195058029163024
0.9195061575080509
0.9195059171981503
[27.63811244  0.34911106]
0.9195056210608196
0.9195058781654345
0.9195057906370361
0.9195062728724661
[27.64056422  0.34913154]
0.9195057570495323
0.9195061812718813
[27.64056422  0.34913154]
0.9195060846279566
0.9195060050842424
0.9195058114058765
0.9195059109209306
[27.64056422  0.34913154]
0.9195057792518492
0.9195058022109629
0.9195058660308804
0.9195057735776218
[27.64056422  0.34913154]
0.9195057534223621
0.9195060029012988
[27.64056422  0.34913154]
0.9195056292202294
0.9195059274399099
[27.64056422  0.34913154]
0.9195059038144819
0.9195060948660166
[27.64056422  0.34913154]
0.9195059904057322
0.9195058449691514
0.9195060921602455
0.9195059730515125
[27.64056422  0.34913154]
0.9195062728724661
Phase:  [-1.28977928  0.9031589   0.90320268]
Final Fidelity:  0.9195062728724661
Final Params:  [27.64056422  0.34913154]
