Optimizing ARP for b =  10.0
Optimizing Delta, T, and phases
0.833398930083061
0.845336923467877
0.8309334855120265
0.8538933223706753
0.8561903507527409
[24.725  0.486]
0.86933063819091
0.8749271837708399
[27.3125  0.459 ]
0.8765167706881223
0.8856859420768153
[29.75625  0.3375 ]
0.7934155784083162
0.8691325238177138
[29.75625  0.3375 ]
0.9040302592216413
0.793415579355402
[30.4390625  0.354375 ]
0.7111295470305965
0.8813425892241369
[30.4390625  0.354375 ]
0.7696736253412952
0.884115986134329
[30.4390625  0.354375 ]
0.8162638436383151
0.898270243818619
[30.4390625  0.354375 ]
0.8843236654756212
0.9038452623538274
[30.4390625  0.354375 ]
0.9011938086326493
0.9054890912791185
[30.39849243  0.34626709]
0.9055483731908673
0.903889833551993
[30.91228638  0.35328076]
0.9067966038572854
0.9020451702965706
[30.87171631  0.34517285]
0.9067763309861031
[30.87171631  0.34517285]
0.9076947153677337
0.9025053842725417
[31.34494019  0.34407861]
0.8931478650359475
0.9094006409235661
[31.24691925  0.34840613]
0.9102827563661641
0.9107531470454594
[32.14435654  0.34838141]
0.9069782271798023
0.9096049670810504
[32.14435654  0.34838141]
0.9111084376630837
0.9113134710852653
[33.00312986  0.34511414]
0.9089609861579722
0.9107068383332568
[33.00312986  0.34511414]
0.9091597620131097
0.9110330946289301
[33.00312986  0.34511414]
0.9108634517583868
0.9111764438357655
[33.00312986  0.34511414]
0.9108642161548451
0.9112264217227004
[33.00312986  0.34511414]
0.9113122202286649
[33.00312986  0.34511414]
0.9113765536741957
0.911341465821253
[33.09330585  0.34561847]
0.9112560468037659
0.9113565246935172
[33.09330585  0.34561847]
0.9113616808834132
[33.09330585  0.34561847]
0.9113453707914204
0.9113721806625813
[33.09330585  0.34561847]
0.9113476601270799
0.911372723088423
[33.09330585  0.34561847]
0.9113722604039125
0.9113791382661205
[33.09096698  0.34579454]
0.9113727371764151
0.9113744886246258
[33.09096698  0.34579454]
0.911393139002998
0.911372723088423
[33.04692566  0.34586872]
0.9113690085031162
0.9113754051451586
0.9113793077537503
0.9113793034796298
[33.04692566  0.34586872]
0.9113777038621472
0.911374659018026
0.9113791232374234
0.9113794552556813
[33.04692566  0.34586872]
0.9113793599461436
0.9113839097906967
[33.04692566  0.34586872]
0.9113760122745173
0.9113757893850624
0.9113907211097916
0.9113768447786968
[33.04692566  0.34586872]
0.9113770254390278
0.9113770111334489
0.9113918528495206
0.9113731626784762
[33.04692566  0.34586872]
0.9113768319816227
0.9113849136347206
[33.04692566  0.34586872]
0.9113813038922913
0.9113832888713636
0.9113931862754452
0.9113838363052265
[33.04732455  0.34586401]
0.9113802631381783
0.9113958665800427
[33.04681262  0.34586773]
0.911395064676012
[33.04681262  0.34586773]
0.9113832885679636
0.9113941290023967
[33.04681262  0.34586773]
0.9113965172789782
0.9113832885679636
[33.04685583  0.34586606]
0.9113826808284984
0.9113952398089588
[33.04685583  0.34586606]
0.9113973864745247
0.9113826807378311
[33.04664558  0.34586884]
0.911397808196882
0.9113836564614233
[33.04668878  0.34586717]
0.9113835191858239
0.9113976549805396
[33.04668878  0.34586717]
0.911397808196882
Phase:  [-2.01834645 -0.73006127 -0.72985267 -0.72986704 -0.72995972]
Final Fidelity:  0.911397808196882
Final Params:  [33.04668878  0.34586717]
