Optimizing ARP for b =  130.0
Optimizing Delta, T, and phases
0.9946968537253181
0.9943737798604428
0.994661956638638
0.9947647843968088
0.9946250406579358
[21.85   0.567]
0.9948961867459656
0.9950866388542601
[21.275   0.5265]
0.9947675349391778
[21.275   0.5265]
0.9950678996648955
[21.275   0.5265]
0.9936026057043764
0.9951050855982584
[20.26875   0.536625]
0.99484544932666
0.9953548151904719
[20.1609375   0.52228125]
0.9953123042116704
[20.1609375   0.52228125]
0.995036002514314
0.9952445219476571
[20.1609375   0.52228125]
0.9953602545263045
0.995036002256519
[19.35234375  0.52270313]
0.9952960814688889
0.9953663848220667
[19.45566406  0.52744922]
0.9952654328645907
0.9953799693236299
[19.7824707   0.52367871]
0.9953197459387623
0.9953816660428003
[19.48570557  0.52413354]
0.9953783417585016
0.9953824499694911
[19.72330017  0.52213458]
0.9953689841217729
0.99538395702379
[19.69348679  0.52340639]
0.9953784468492732
0.9953840907791456
[19.59704952  0.52345201]
0.9953822155932102
0.995384508787376
[19.68428416  0.52278189]
0.995381213535674
0.9953844809703865
[19.68428416  0.52278189]
0.9953838465952706
0.9953829503876642
0.9953846614837437
0.9953844782288919
[19.67568049  0.52302178]
0.9953842546798357
0.9953845559802676
[19.67568049  0.52302178]
0.9953843520142095
0.9953844188946853
0.9953847139806491
0.9953845556259802
[19.66800254  0.52301559]
0.9953845368453899
0.9953847519425196
[19.67591192  0.52296026]
0.9953846868354531
0.9953835375262624
0.9953844109343668
0.9953843310123817
[19.67591192  0.52296026]
0.9953843886181944
0.9953847225456051
[19.67591192  0.52296026]
0.9953847449216913
[19.67591192  0.52296026]
0.9953844681806544
0.9953847586296823
[19.67471947  0.52295737]
0.9953846206057297
0.9953844866623448
0.995384388579823
0.9953845071847885
[19.67471947  0.52295737]
0.9953846874741413
[19.67471947  0.52295737]
0.9953846483924916
0.9953847791884369
[19.67455218  0.52295386]
0.9953847320596714
0.9953846464538737
0.9953847433045568
0.9953845338188146
[19.67455218  0.52295386]
0.9953843798075384
0.9953844466451602
0.9953844631861484
0.995384505062365
[19.67455218  0.52295386]
0.9953843162708298
0.9953848872416844
[19.67461625  0.52295382]
0.9953843942464989
0.9953845822813981
[19.67461625  0.52295382]
0.9953848872416844
Phase:  [0.80339826 0.07983347 0.07986019 0.07999352]
Final Fidelity:  0.9953848872416844
Final Params:  [19.67461625  0.52295382]
