Optimizing ARP for b =  30.0
Optimizing Delta, T, and phases
0.734774712979241
0.7355173867747475
0.7911067966375609
0.7860085824963543
[23.     0.567]
0.6855687854024154
0.7829025692354061
[23.     0.567]
0.7454592505407553
0.7908177914445408
[23.     0.567]
0.79926695467112
0.8054338691295407
[21.778125  0.556875]
0.8236631439061028
0.849016376314737
[19.7296875  0.5653125]
0.8574276826593272
0.8892331278853595
[16.26171875  0.54928125]
0.9196762278057458
0.7754187455978542
[14.21328125  0.55771875]
0.7116897074491698
0.8840678081503881
[14.21328125  0.55771875]
0.8822563885991839
0.8985438471325339
[14.21328125  0.55771875]
0.9283222635973969
0.933382508693484
[13.33730469  0.57269531]
0.9112613895678878
0.9273233811131787
[13.33730469  0.57269531]
0.9320701400116819
[13.33730469  0.57269531]
0.9338707619301587
0.9348921834574127
[12.45065918  0.59671582]
0.9331462216294558
0.935318528244438
[13.53762817  0.58477808]
0.928326232180964
0.9349258309342736
[13.53762817  0.58477808]
0.9319657327018536
0.9352032542788884
[13.53762817  0.58477808]
0.9343725926912265
0.935254793997759
[13.53762817  0.58477808]
0.9350748489183599
0.9353234022579363
[13.13313115  0.58732357]
0.9351071454730667
0.935361387761924
[13.26397036  0.58530079]
0.9349943303115367
0.9353857976066384
[13.36808946  0.58554513]
0.9353833197164182
[13.36808946  0.58554513]
0.9353076142333488
0.9353900566127953
[13.34873971  0.58491727]
0.935359790112194
0.9353935225663548
[13.42867163  0.58437677]
0.935386428339224
0.9353921846300183
[13.42867163  0.58437677]
0.9353878440518406
0.9353932469343808
[13.42867163  0.58437677]
0.9353922427423519
0.9353940446521057
[13.40796524  0.58463534]
0.9353875870553295
0.9353943508442788
[13.39980482  0.58455419]
0.9353950237434316
0.9353913729727147
[13.37909843  0.58481275]
0.9353924587186321
0.935394320211701
[13.37909843  0.58481275]
0.9353934411753198
0.9353942420982744
0.9353940113941146
0.9353939114494414
[13.37909843  0.58481275]
0.9353934105825674
0.935394088182955
[13.37909843  0.58481275]
0.9353934522463336
0.9353938823717944
0.9353936153411482
0.9353937666141964
[13.37909843  0.58481275]
0.9353936073346611
0.9353937277119755
[13.37909843  0.58481275]
0.9353936544519371
0.9353937112864503
0.9353936645281389
0.9353937594847346
[13.37909843  0.58481275]
0.9353948565454129
[13.37909843  0.58481275]
0.9353933750710436
0.9353936566589627
0.9353936730779076
0.935393617286521
[13.37909843  0.58481275]
0.9353935563404246
0.9353933882692758
0.9353949898699631
0.9353935282341191
[13.37909843  0.58481275]
0.9353934511876099
0.9353935252966453
0.9353935568776636
0.9353935390808072
[13.37909843  0.58481275]
0.9353937090641449
[13.37909843  0.58481275]
0.9353949380933987
[13.37909843  0.58481275]
0.9353934956915426
0.935394951864686
[13.37909843  0.58481275]
0.935395037411853
0.9353935694902082
[13.37908511  0.58481318]
0.9353935382520957
0.9353937818622141
0.9353950295593396
0.9353937889518807
[13.37908511  0.58481318]
0.935395037411853
Phase:  [ 1.7240822  -0.79813931 -0.79830708]
Final Fidelity:  0.935395037411853
Final Params:  [13.37908511  0.58481318]
