Optimizing ARP for b =  130.0
Optimizing Delta, T, and phases
0.8183346674070411
0.8258346027807792
0.8098411656796659
0.8369121314496102
0.8544046821960807
[24.725  0.486]
0.8639375666631101
0.888729793658404
[27.3125  0.459 ]
0.9155836390778946
0.9346977460417683
[29.75625  0.3375 ]
0.9277485663191031
[29.75625  0.3375 ]
0.8161612244468428
0.9257721600444416
[29.75625  0.3375 ]
0.8844006742348498
0.9338812530973328
[29.75625  0.3375 ]
0.9199307253619511
0.9337673671963941
[29.75625  0.3375 ]
0.9298904179992803
0.9347822111086626
[30.53789063  0.33834375]
0.9323936455582262
0.9345992998660766
[30.53789063  0.33834375]
0.934137675059164
0.9347678725334372
[30.53789063  0.33834375]
0.9348756616319309
0.9348451708726497
[30.92084961  0.34372266]
0.9345884065036935
0.9348434483074989
[30.92084961  0.34372266]
0.9348828234916738
0.9348479404586014
[30.81724854  0.34733496]
0.9349156636448703
0.9349192702238589
[31.73856812  0.35267432]
0.9349351563818157
0.934947800135441
[31.99202576  0.3625686 ]
0.9350722095863491
0.9353141554456501
[33.96139374  0.37819446]
0.9353415292952845
0.9352182735959498
[34.21485138  0.38808875]
0.9356593357277303
0.9355302389599819
[36.18421936  0.4037146 ]
0.9353596684600187
[36.18421936  0.4037146 ]
0.9354495578266036
[36.18421936  0.4037146 ]
0.9355941663528029
[36.18421936  0.4037146 ]
0.9357183858384617
0.9351949674982416
[35.93076172  0.39382031]
0.9353141559992906
0.9357185915664252
[37.10553894  0.40905396]
0.9357426964212164
0.9356098407278839
[36.8520813   0.39915967]
0.935636949381175
0.9357634194172999
[36.45478592  0.39896356]
0.9355724859858184
0.9357612450505952
[36.45478592  0.39896356]
0.935725655730049
0.9357634049588087
[36.45478592  0.39896356]
0.9357337987631653
0.9357673095680976
[36.74334179  0.40185358]
0.9357597155619064
0.9357668605482106
[36.74334179  0.40185358]
0.935761714809179
0.9357667076757681
[36.74334179  0.40185358]
0.9357660770931514
0.9357675836142003
[36.64720076  0.40057543]
0.9357666700658183
0.9357674365330085
[36.64720076  0.40057543]
0.9357653045841137
0.9357677088727111
[36.70529703  0.40126894]
0.9357677466000215
0.9357674260007366
[36.66519401  0.40105119]
0.9357676014238652
0.935767664284062
[36.66519401  0.40105119]
0.935767688530502
0.9357677645223065
[36.67573433  0.40101391]
0.9357674301563708
0.9357677092371344
[36.67573433  0.40101391]
0.9357676708529898
0.9357678162816154
[36.67917238  0.40109165]
0.9357678302484306
0.9357676246258183
[36.6897127   0.40105437]
0.935767752118573
0.9357676790167919
0.9357677187995047
0.9357677689626941
[36.6897127   0.40105437]
0.9357678887155477
0.9357676843493993
[36.68799367  0.4010155 ]
0.9357676033882988
0.9357678088911858
[36.68799367  0.4010155 ]
0.9357678422549676
[36.68799367  0.4010155 ]
0.9357677790207007
0.9357676703430053
0.9357678166273197
0.9357678256183207
[36.68799367  0.4010155 ]
0.935767758967151
0.9357677280942069
0.9357676552559313
0.935767837693023
[36.68799367  0.4010155 ]
0.9357676723393218
0.9357677311296093
[36.68799367  0.4010155 ]
0.9357677789035262
0.9357676514741705
0.935767849980323
0.9357676982022021
[36.68799367  0.4010155 ]
0.9357678845126769
[36.68799367  0.4010155 ]
0.9357677024865086
0.9357676921978795
0.9357677136374252
0.9357677639012121
[36.68799367  0.4010155 ]
0.9357678050904947
[36.68799367  0.4010155 ]
0.9357677090215267
0.9357678311004073
[36.68799367  0.4010155 ]
0.9357677908048707
0.93576769027673
0.9357677176931646
0.9357678350429419
[36.68799367  0.4010155 ]
0.9357678887155477
Phase:  [-2.19921614  0.58028378  0.58056491]
Final Fidelity:  0.9357678887155477
Final Params:  [36.68799367  0.4010155 ]
