Optimizing ARP for b =  200.0
Optimizing Delta, T, and phases
0.997838978782218
0.9977789797928089
0.9976735110090792
0.9981347523118214
0.9982783677964179
[24.725  0.486]
0.99798781398412
[24.725  0.486]
0.998102686274665
[24.725  0.486]
0.9982916739252432
0.9978917632884452
[26.45   0.432]
0.9983281451729923
0.9981445189555094
[25.875  0.486]
0.9983084916348317
[25.875  0.486]
0.9983301967422634
0.9981565937826554
[27.025  0.486]
0.9978364252283805
0.9984207159821676
[27.025  0.459]
0.9984050709029659
[27.025  0.459]
0.9982830301617258
0.9983914412993915
[27.025  0.459]
0.9983915123011556
0.998413067245797
[27.025  0.459]
0.998402083075713
0.9984175931298934
[27.025  0.459]
0.9984163232642013
0.9984180102991544
[27.025  0.459]
0.9984060205962219
0.9984215371020377
[27.45400391  0.45868359]
0.9984222515608819
0.9984213115495412
[27.24736328  0.45657422]
0.9984192478471213
0.9984226789120745
[27.1878418   0.45831445]
0.9984179819099592
0.9984232349283982
[27.33580322  0.45806396]
0.9984217945173486
0.9984228317774974
[27.33580322  0.45806396]
0.9984225153237831
0.9984229891630635
[27.33580322  0.45806396]
0.9984223710454794
0.9984227705302332
0.9984204508871983
0.9984226285431247
[27.33580322  0.45806396]
0.9984226970855294
[27.33580322  0.45806396]
0.9984226502979409
0.9984223080972972
0.9984227812192098
0.9984227690629546
[27.33580322  0.45806396]
0.9984229129583663
[27.33580322  0.45806396]
0.9984227266951021
0.9984226758783409
0.9984224112499034
0.9984228219063548
[27.33580322  0.45806396]
0.9984229991001401
[27.33580322  0.45806396]
0.9984224789307491
0.9984229238467021
[27.33580322  0.45806396]
0.9984190120373172
0.9984193424054687
0.9984226535231634
0.9984226915539947
[27.33580322  0.45806396]
0.9984231395555033
[27.33580322  0.45806396]
0.9984224907745671
0.9984230389981172
[27.33580322  0.45806396]
0.998422742148447
0.9984225106519475
0.9984224254354537
0.9984223552385121
[27.33580322  0.45806396]
0.9984232273545128
[27.33580322  0.45806396]
0.9984225683986427
0.9984225430721722
0.9984225199897238
0.9984222209072684
[27.33580322  0.45806396]
0.9984222691416492
0.9984222574980461
0.9984222425314645
0.9984225663272563
[27.33580322  0.45806396]
0.9984231728101669
[27.33580322  0.45806396]
0.9984221965702538
0.9984226126799219
[27.33580322  0.45806396]
0.9984229358547789
0.9984223638822691
0.998422733400698
0.9984228020606676
[27.33580322  0.45806396]
0.9984226664993946
0.9984230095107832
[27.33580322  0.45806396]
0.9984228926869231
0.9984230105473847
[27.33580322  0.45806396]
0.9984232349283982
Phase:  [0.48579231 0.48597324 0.48596129 0.48596904]
Final Fidelity:  0.9984232349283982
Final Params:  [27.33580322  0.45806396]
