Optimizing ARP for b =  600.0
Optimizing Delta, T, and phases
0.9995801053497358
0.9996078164129789
0.999504477294505
0.9995307772370016
0.9995966718011808
[24.15  0.54]
0.9995770546209818
0.9996049126702554
[24.15  0.54]
0.9995935644062941
0.9996074461166714
[24.15  0.54]
0.9996025832880856
0.9996087975267978
[23.75019531  0.53641406]
0.9996051771619452
0.9996093707567014
[23.89731445  0.53530664]
0.9996024373388025
0.9996093834203384
[23.98687744  0.53793018]
0.9996086264684731
0.9996093364357078
[23.98687744  0.53793018]
0.9996091658317742
0.9996095816184218
[23.89412079  0.53656732]
0.9996089962360797
0.9996095089824208
[23.89412079  0.53656732]
0.999609090551912
0.9996094519570254
[23.89412079  0.53656732]
0.9996093666074921
0.9996096729627929
[23.9266047   0.53679943]
0.999609424379504
0.9996095111544648
[23.9266047   0.53679943]
0.9996093581403691
0.9996095260760312
[23.9266047   0.53679943]
0.9996095637827764
0.9996097468575443
[23.90929474  0.53673408]
0.9996095114547268
0.9996095408051947
0.9996094697264489
0.9996095301350114
[23.90929474  0.53673408]
0.9996095531357375
[23.90929474  0.53673408]
0.9996095608664131
[23.90929474  0.53673408]
0.9996096038098142
[23.90929474  0.53673408]
0.9996096854874549
[23.90929474  0.53673408]
0.9996094697264489
0.9996094333448093
0.9996094848750638
0.999609475583968
[23.90929474  0.53673408]
0.9996094820265555
0.9996094823971355
[23.90929474  0.53673408]
0.9996097039764403
[23.90929474  0.53673408]
0.9996094928782624
0.9996095949851554
[23.90929474  0.53673408]
0.999609452303096
0.999609546954761
0.9996094705667016
0.9996095528580375
[23.90929474  0.53673408]
0.9996095240391867
0.9996095681173753
[23.90929474  0.53673408]
0.999608784361904
0.999609428711971
0.9996095471178035
0.9996095484994885
[23.90929474  0.53673408]
0.9996094519746648
0.9996095717627949
[23.90929474  0.53673408]
0.9996095680312875
0.9996097546497711
[23.90911937  0.53673245]
0.9996094079393881
0.9996097421420002
[23.90911937  0.53673245]
0.9996097601237893
0.9996094073734848
[23.90937306  0.53673416]
0.9996097684674355
0.9996094964041565
[23.9091977   0.53673252]
0.9996095990311109
0.9996095596787036
0.9996095238350148
0.9996097619502156
[23.9091977   0.53673252]
0.9996097684674355
Phase:  [0.1886726  0.18855719 0.18843928 0.18864659]
Final Fidelity:  0.9996097684674355
Final Params:  [23.9091977   0.53673252]
