Optimizing ARP for b =  110.0
Optimizing Delta, T, and phases
0.9964233069378379
0.9959930832212069
0.9968184211209938
0.9969939189970587
0.9970488345566291
[20.7     0.5805]
0.99726027151715
0.9972878479934578
[19.55     0.64125]
0.9965263181312889
0.9971738154740872
[19.55     0.64125]
0.9972492944561047
[19.55     0.64125]
0.9970867327745813
0.9972833919690965
[19.55     0.64125]
0.9971701230633068
0.9972872031795018
[19.55     0.64125]
0.9972402611881204
0.9972979144735242
[20.34511719  0.62877832]
0.9972732720794274
0.9972962299342507
[20.34511719  0.62877832]
0.9972736822500895
0.9972974017800366
[20.34511719  0.62877832]
0.9972978322530325
[20.34511719  0.62877832]
0.9972904232660585
0.9972992881567743
[20.0611969   0.63292662]
0.9972965588821008
0.9972988717701136
[20.0611969   0.63292662]
0.9972964314672976
0.9972991093446218
[20.0611969   0.63292662]
0.997299177799337
[20.0611969   0.63292662]
0.997298187974839
0.9972993889336782
[20.1614387   0.63156881]
0.9972991153928442
0.9972992176513504
[20.1614387   0.63156881]
0.9972993977267076
0.9972991153928442
[20.102768    0.63175854]
0.9972989934163446
0.9972994913331706
[20.09665013  0.63229515]
0.9972989230195501
0.9972993547469619
0.9972993864880233
0.997299557789913
[20.12904442  0.63193198]
0.99729948354002
0.9972995597331682
[20.11941637  0.63215692]
0.9972994693675274
0.9972993967570013
0.997299328528829
0.9972991737227671
[20.11941637  0.63215692]
0.9972994721804268
[20.11941637  0.63215692]
0.9972991017162035
0.9972991336041522
0.9972995444179965
0.9972992583290304
[20.11941637  0.63215692]
0.9972994840999768
0.9972992227178162
0.9972991064476839
0.9972994171431993
[20.11941637  0.63215692]
0.9972993826339612
0.9972994616817044
[20.11941637  0.63215692]
0.9972991633149351
0.9972993832520691
0.9972994522812921
0.9972993827477612
[20.11941637  0.63215692]
0.9972992869361836
0.9972995285546673
[20.11941637  0.63215692]
0.9972994929167831
0.9972994635389104
0.9972994873733447
0.9972994805724033
[20.11941637  0.63215692]
0.9972993729180707
0.9972994516529023
0.9972994280495069
0.9972996121679426
[20.11927612  0.63215712]
0.997299301197958
0.9972995406539004
[20.11927612  0.63215712]
0.9972993906709178
0.9972995880423005
[20.11927612  0.63215712]
0.9972994782311725
0.997299656379377
[20.11937067  0.63215688]
0.997299656379377
Phase:  [1.17708828 0.00692517 0.00718279 0.00700959 0.0069148 ]
Final Fidelity:  0.997299656379377
Final Params:  [20.11937067  0.63215688]
