Optimizing ARP for b =  300.0
Optimizing Delta, T, and phases
0.9990638534218063
0.99907048799637
0.9989550089260664
0.9991022890234803
0.9989512722821302
[24.15   0.513]
0.9991072713340032
0.9990812962872583
[25.3    0.513]
0.9990336287420444
0.9991063744560275
[25.3    0.513]
0.999086173278132
0.999113844581034
[24.509375  0.516375]
0.9991005225168925
0.9991117907657447
[24.509375  0.516375]
0.9991103537082517
0.9991135255853374
[24.509375  0.516375]
0.9991106696798965
0.9991135822848494
[24.509375  0.516375]
0.9991126817500997
0.999113826579494
[24.509375  0.516375]
0.9991136591296499
0.9991140912540513
[24.40275574  0.51715613]
0.9991120327190769
0.9991124110691222
0.9991142111614159
0.9991141878216939
[24.45606537  0.51676556]
0.9991140619051748
0.9991142278474459
[24.41267014  0.51736789]
0.9991135176445143
0.9991117920273169
0.999113805292594
0.9991125397345063
[24.41267014  0.51736789]
0.9991139840901345
[24.41267014  0.51736789]
0.99911388618633
0.9991139075549936
[24.41267014  0.51736789]
0.9991138135144745
0.9991125626252246
0.9991139815275091
0.9991139023206442
[24.41267014  0.51736789]
0.9991139985253776
[24.41267014  0.51736789]
0.9991140784036987
[24.41267014  0.51736789]
0.9991143106108386
0.9991139833136534
[24.39592972  0.51777493]
0.9991140889668007
0.999113789144241
0.999114075793574
0.9991142306865843
[24.39592972  0.51777493]
0.999114756603849
0.9991141977531541
[24.39236426  0.51788993]
0.9991140658341868
0.9991140520317674
0.9991126559414495
0.9991140560453936
[24.39236426  0.51788993]
0.9991141677705238
[24.39236426  0.51788993]
0.9991144402663907
[24.39236426  0.51788993]
0.9991139826364854
0.9991141323809306
0.999114316842906
0.9991141540827699
[24.39236426  0.51788993]
0.9991144463000683
[24.39236426  0.51788993]
0.9991141233916533
0.9991141205460783
0.9991143776777359
0.9991138868571265
[24.39236426  0.51788993]
0.9991141504804597
0.9991142705782141
[24.39236426  0.51788993]
0.9991138885098617
0.999114167039467
0.9991141423569193
0.9991141354491824
[24.39236426  0.51788993]
0.9991141484434235
[24.39236426  0.51788993]
0.9991137514140817
0.9991118140797458
0.999114477043469
0.9991143372025437
[24.39236426  0.51788993]
0.9991142295218767
0.9991143989221322
[24.39236426  0.51788993]
0.9991144430233566
0.9991138656952283
0.9991143771427499
0.9991145325094719
[24.39236426  0.51788993]
0.999114756603849
Phase:  [0.36479053 0.36491677 0.36478949 0.36477962]
Final Fidelity:  0.999114756603849
Final Params:  [24.39236426  0.51788993]
