Optimizing ARP for b =  50.0
Optimizing Delta, T, and phases
0.9825705647755142
0.9736705233141318
0.9843244490618204
0.9897359554036421
0.9929937851980242
[20.7     0.5805]
0.9937568099115999
0.9947604547633342
[19.55     0.64125]
0.9945670742210191
[19.55     0.64125]
0.994656109388825
[19.55     0.64125]
0.9943302010576032
0.9946675320699162
[19.55     0.64125]
0.9928908567641199
0.9946337615530869
0.994656609711304
0.9945370200615983
[19.55     0.64125]
0.9943616983557035
0.9945818277409337
[19.55     0.64125]
0.9947294329371754
[19.55     0.64125]
0.9940496538128012
0.9947324348045959
[19.55     0.64125]
0.9946813503526464
0.9947560345613625
[19.55     0.64125]
0.9946801517845901
0.9947532275835358
[19.55     0.64125]
0.994737241249842
0.9947584090246906
[19.55     0.64125]
0.9947613569788966
0.9947601363306053
[19.47166748  0.64446515]
0.9947644184149256
0.9947652145263175
[19.7194397   0.64668246]
0.9947694342009316
0.9947737596513107
[19.68666077  0.65422142]
0.9947739382933927
0.9947579718154134
[19.93443298  0.65643874]
0.9947910844047791
0.9948073746487078
[19.99276123  0.67262531]
0.9947896132861626
[19.99276123  0.67262531]
0.9948442828629296
0.99491528767888
[20.48107605  0.70832442]
0.9949016834900669
[20.48107605  0.70832442]
0.9950770983329958
0.9952605802213453
[21.08604736  0.77639667]
0.9951822567889168
[21.08604736  0.77639667]
0.995416836583384
0.9949992486247738
[21.93879089  0.84668623]
0.9956193218855526
0.9958026845778715
[21.86961823  0.87739639]
0.9951892553226568
0.9955098015822844
[21.86961823  0.87739639]
0.9957993727650276
[21.86961823  0.87739639]
0.9961351269513541
0.9964329880405104
[21.95310535  0.95255031]
0.9961573004129249
[21.95310535  0.95255031]
0.9967521330746202
0.9968913538706754
[22.78557701  1.14405903]
0.9973658125095879
0.997567338113395
[22.31448298  1.1848789 ]
0.9967242622328368
0.9971802610027277
[22.31448298  1.1848789 ]
0.9975387835537383
[22.31448298  1.1848789 ]
0.9978426280654055
0.9978741442034098
[21.34083725  1.20333401]
0.9975893317928006
[21.34083725  1.20333401]
0.997663771143475
[21.34083725  1.20333401]
0.9978136786247372
[21.34083725  1.20333401]
0.9976021061023473
0.9978547128956967
[21.34083725  1.20333401]
0.9977977933149051
0.9978582438502469
[21.34083725  1.20333401]
0.9978591516467699
[21.34083725  1.20333401]
0.9977103882169974
0.9978764029360431
[21.02332585  1.21333863]
0.9978947197084239
0.9977661227686714
[20.93887976  1.1671036 ]
0.997886051342293
[20.93887976  1.1671036 ]
0.9977687701944229
0.9978714977607981
0.9978929483311106
0.9978736408469713
[20.93887976  1.1671036 ]
0.9978540351471474
0.9978864681694184
[20.93887976  1.1671036 ]
0.9978845563240205
0.9978921633115692
[20.93887976  1.1671036 ]
0.9978923350729999
0.9978941278264479
[20.93887976  1.1671036 ]
0.9978922032206007
0.9978943095475191
[20.93887976  1.1671036 ]
0.9978946523378237
[20.93887976  1.1671036 ]
0.9978933068407229
0.9978948535975005
[20.88525749  1.16898421]
0.997894535894664
0.9978947948346564
[20.88525749  1.16898421]
0.9978944719371127
0.9978948687254481
[20.92106725  1.16801105]
0.9978948374290878
0.9978948573347832
[20.92106725  1.16801105]
0.9978948038682929
0.9978948371253207
0.9978949157706641
0.997894886758041
[20.9075924   1.16816555]
0.9978948303099754
0.9978950202248004
[20.91322232  1.16817132]
0.997894887330255
0.9978948514168917
0.9978949087301441
0.9978948669803126
[20.91322232  1.16817132]
0.9978948794468543
0.997894876644853
0.9978948444498229
0.9978948886404018
[20.91322232  1.16817132]
0.997894863198316
0.9978949028167405
[20.91322232  1.16817132]
0.9978948706983666
0.997894916477926
[20.91322232  1.16817132]
0.997894871043171
0.9978949185000757
[20.91322232  1.16817132]
0.9978948576129802
0.9978948783499197
0.9978948519394114
0.9978948948224992
[20.91322232  1.16817132]
0.9978948854121155
0.9978948787596749
0.9978948924564032
0.997894839381045
[20.91322232  1.16817132]
0.9978948882573581
0.9978948842456354
0.9978949037498999
0.9978948859705192
[20.91322232  1.16817132]
0.9978948864424343
0.9978948866433522
[20.91322232  1.16817132]
0.9978948823469191
0.9978949162834538
[20.91322232  1.16817132]
0.9978952312953203
0.9978948778615304
[20.91332573  1.16816728]
0.9978949027078624
0.9978948809893292
0.9978951255640199
0.9978950496701995
[20.91332573  1.16816728]
0.9978952312953203
Phase:  [-0.69725511 -0.18334574 -0.18309319 -0.18306277 -0.18332419]
Final Fidelity:  0.9978952312953203
Final Params:  [20.91332573  1.16816728]
