Optimizing ARP for b =  200.0
Optimizing Delta, T, and phases
0.9928980842351844
0.9927828204339111
0.992304676067628
0.993815070707764
0.9952293385095339
[24.725  0.486]
0.9954658378359733
0.9956571192731739
[23.2875  0.459 ]
0.9966676115919004
0.9883465251463455
[25.0125  0.405 ]
0.9928561183956055
0.9960191685141656
[25.0125  0.405 ]
0.9965798486271249
[25.0125  0.405 ]
0.9927917040325217
0.9963964206655164
[25.0125  0.405 ]
0.995705027355229
0.9965812789214312
[25.0125  0.405 ]
0.9965328337282254
0.9966409093362149
[25.0125  0.405 ]
0.9965078412949158
0.9966395988172249
[25.0125  0.405 ]
0.9966319307083096
0.9966578967154819
[25.0125  0.405 ]
0.9966597831461768
[25.0125  0.405 ]
0.9965584008779911
0.9966710131379077
[25.08662109  0.40763672]
0.9966608556085119
0.9966687957427921
[25.08662109  0.40763672]
0.9966613634481304
0.9966705708062722
[25.08662109  0.40763672]
0.996671278545753
0.9966677491718247
[24.93880005  0.40728735]
0.99666818602627
0.9966717169202918
[25.04959564  0.4067287 ]
0.9966698594857211
0.9966717088893804
[25.04959564  0.4067287 ]
0.996671138830755
0.9966716054634489
[25.04959564  0.4067287 ]
0.9966713570645629
0.9966717276863666
[25.01845193  0.40709099]
0.9966713370403862
0.996671797263905
[25.03721663  0.40711611]
0.9966716200136685
0.9966717201713426
[25.03721663  0.40711611]
0.9966716297928888
0.9966696943011815
0.9966717026125491
0.9966715110789371
[25.03721663  0.40711611]
0.996671586122426
0.9966717539519077
[25.03721663  0.40711611]
0.9966719049974776
0.9966720450635855
[25.04486431  0.40720209]
0.99667170790439
0.9966720163377158
[25.04486431  0.40720209]
0.9966716172709278
0.9966717690233554
0.9966717747958252
0.9966718309149465
[25.04486431  0.40720209]
0.9966716828493632
0.9966717102714447
0.996671512353023
0.9966717383041519
[25.04486431  0.40720209]
0.996671658239851
0.9966717588781897
[25.04486431  0.40720209]
0.9966718547279375
[25.04486431  0.40720209]
0.9966722076057721
0.9966717044275313
[25.04722467  0.40721314]
0.9966719432132872
0.9966715749340913
0.9966719991228767
0.9966722365645838
[25.04681751  0.40721437]
0.9966718036757818
0.996671583542487
0.9966716465829096
0.9966716829132923
[25.04681751  0.40721437]
0.996671721803078
[25.04681751  0.40721437]
0.9966714596601581
0.9966717679768587
[25.04681751  0.40721437]
0.9966719146934603
[25.04681751  0.40721437]
0.9966718360736172
0.9966718537049826
[25.04681751  0.40721437]
0.9966717012459273
0.9966718523771121
0.9966716385100919
0.9966717157738864
[25.04681751  0.40721437]
0.9966715943918895
0.9966717654952167
[25.04681751  0.40721437]
0.996671663298679
0.9966719958063448
[25.04681751  0.40721437]
0.9966714466004307
0.9966717223680392
0.9966716797298927
0.99667141550544
[25.04681751  0.40721437]
0.9966722365645838
Phase:  [0.36964955 0.36929547 0.36937603]
Final Fidelity:  0.9966722365645838
Final Params:  [25.04681751  0.40721437]
