Optimizing ARP for b =  30.0
Optimizing Delta, T, and phases
0.8422561278535903
0.826467565748976
0.8535236629952746
0.8701029650675509
0.8926593788576903
[0.486 0.215]
0.9035136906108635
0.93277558139282
[0.459  0.2375]
0.9664695283322682
0.991338070040004
[0.3375  0.25875]
0.9800530738467931
[0.3375  0.25875]
0.8528546096358713
0.9792764688328011
[0.3375  0.25875]
0.9265959348694954
0.9903385528739348
[0.3375  0.25875]
0.9732239167782413
0.9899889210784492
[0.3375  0.25875]
0.985367696968755
0.9914065835467334
[0.33834375 0.26554687]
0.9898150982503864
0.9911861906948118
[0.33834375 0.26554687]
0.9909633133219203
0.9913759063554878
[0.33834375 0.26554687]
0.9915527321800209
0.9915259576437119
[0.34372266 0.26887695]
0.9910529914328354
0.9914879494996036
[0.34372266 0.26887695]
0.991608345737073
0.9916268917516322
[0.35183057 0.26919067]
0.9917631124879975
0.9918900730057856
[0.35941772 0.27780945]
0.991779288770988
[0.35941772 0.27780945]
0.9921783813731132
0.9924409103440819
[0.38675391 0.29551758]
0.9924322795547582
[0.38675391 0.29551758]
0.9929954941539427
0.9933808338488728
[0.4292644  0.33046326]
0.9929391127241013
[0.4292644  0.33046326]
0.993241747061091
[0.4292644  0.33046326]
0.9939050354069339
0.9942483676068984
[0.4889762  0.38272491]
0.9938762904631697
[0.4889762  0.38272491]
0.9948866942398654
0.996135420242592
[0.53247217 0.43435913]
0.9858484005184986
0.9945322886058982
[0.53247217 0.43435913]
0.9960736987782658
[0.53247217 0.43435913]
0.9672839456436995
0.9950519905257706
[0.53247217 0.43435913]
0.9920877585516941
0.9954890434056733
[0.53247217 0.43435913]
0.9957087203681633
0.9962089999635321
[0.53159376 0.43874791]
0.99575006148403
0.9962080428304835
[0.53159376 0.43874791]
0.996226410922065
0.9960789210069889
[0.52415655 0.43748453]
0.9959543261328048
0.9962533026004013
[0.52645506 0.43560598]
0.9961848677329286
0.9962432147138431
[0.52645506 0.43560598]
0.9962177949436966
0.9962477859942205
[0.52645506 0.43560598]
0.9962454715531399
0.9962527858409981
[0.52645506 0.43560598]
0.9962356036433855
0.9962541288510123
[0.52575845 0.43634739]
0.9962544366565096
0.996250481518324
[0.52724374 0.43628062]
0.9962507536877732
0.9962550782285315
[0.52647808 0.43595999]
0.9962495383703772
0.9962553339016509
[0.52630968 0.43623385]
0.9962545150536264
0.9962551681812255
[0.52630968 0.43623385]
0.9962545150397825
0.9962553354594923
[0.52630869 0.43603973]
0.9962552939507409
0.9962553842538613
[0.52647931 0.43620264]
0.9962552032858562
0.9962553943728036
[0.52635184 0.43617752]
0.9962552181532
0.9962553936692006
[0.52635184 0.43617752]
0.9962553706403581
0.9962553972573831
[0.52641815 0.43617443]
0.9962553972573831
Phase:  [ 0.658698   -2.33134442 -2.33156229]
Final Fidelity:  0.9962553972573831
Final Params:  [0.52641815 0.43617443]
