Optimizing ARP for b =  170.0
Optimizing Delta, T, and phases
0.9360789882632802
0.9230130009365366
0.946371248423123
0.9577955047838442
0.9713204971991735
[0.486 0.215]
0.977353728011372
0.9855406462512697
[0.459  0.2375]
0.9770407749734487
[0.459  0.2375]
0.9381867445382865
0.983408649714392
[0.459  0.2375]
0.9678008264146868
0.9846803987210135
[0.459  0.2375]
0.9826291537822058
0.9851138706321896
[0.459  0.2375]
0.9821451308969449
0.9855307256939103
[0.459  0.2375]
0.9857983432331072
0.9855832021380964
[0.4505625 0.24125  ]
0.9859415639084879
0.9859134386110209
[0.46575 0.2425 ]
0.9860556127063274
0.985761084437986
[0.4573125 0.24625  ]
0.986313422050278
0.9863197522459736
[0.48346875 0.250625  ]
0.986716559699687
0.9868744741502772
[0.47967188 0.2603125 ]
0.9871877893442643
0.9870654238355476
[0.50582813 0.2646875 ]
0.9876668198637026
0.9876291411424991
[0.50203125 0.274375  ]
0.9879334903409349
0.9877075944894793
[0.5281875 0.27875  ]
0.988427064164817
0.988454373254201
[0.53367188 0.3003125 ]
0.9893458562499802
0.9897369176372182
[0.58872656 0.31984375]
0.990408397479414
0.9909682480701507
[0.62722266 0.37273437]
0.9919379394516166
0.9932521574446926
[0.75658008 0.43824219]
0.9749173931368731
0.9913697625599491
[0.75658008 0.43824219]
0.9879059096339351
0.9921427502425257
[0.75658008 0.43824219]
0.9926687328177891
[0.75658008 0.43824219]
0.9508557644718943
0.9926902723819884
[0.75658008 0.43824219]
0.991450821507155
0.9944211160357632
[0.75752991 0.44524582]
0.9911839848530707
0.993213655099001
[0.75752991 0.44524582]
0.9936085671487602
[0.75752991 0.44524582]
0.9930078501316768
0.9938897499455577
[0.75752991 0.44524582]
0.9939406708353042
[0.75752991 0.44524582]
0.9944803832109943
0.9944950666055599
[0.72464379 0.43372039]
0.9950779010749456
0.9952375716578516
[0.73972618 0.44721639]
0.9946896624315449
[0.73972618 0.44721639]
0.9951342388629709
[0.73972618 0.44721639]
0.993513456310535
0.9952478378041526
[0.71883219 0.44194632]
0.9948953346368822
0.9953152256898261
[0.72560082 0.44688416]
0.9948195242985547
0.9953421949321086
[0.73097134 0.44581581]
0.9951367898415786
0.9953314008239551
[0.73097134 0.44581581]
0.9953024161143671
0.9953422428401653
[0.72643303 0.44593307]
0.9953056257876864
0.9953471742158582
[0.72613066 0.4450113 ]
0.9953094994383761
0.9953492118714802
[0.72862659 0.445644  ]
0.995346273554195
0.9953493209748432
[0.72785143 0.44502494]
0.9953450285562354
0.9953494995571831
[0.72718484 0.44517288]
0.9953457627985405
0.9953499644832622
[0.72807236 0.44537145]
0.9953491103950081
0.9953497868060239
[0.72807236 0.44537145]
0.9953495119303728
0.9953498489002064
[0.72807236 0.44537145]
0.9953495304537808
0.9953499282546633
[0.72807236 0.44537145]
0.9953499594572279
[0.72807236 0.44537145]
0.9953498569203247
0.9953499813824771
[0.72793558 0.44529211]
0.9953498928894359
0.9953499860774122
[0.72788214 0.44532135]
0.9953499362805925
0.9953499842396888
[0.72788214 0.44532135]
0.9953499690595948
0.995349987010758
[0.72793598 0.44531117]
0.995349987010758
Phase:  [-2.60332847  0.70161697  0.70160122]
Final Fidelity:  0.995349987010758
Final Params:  [0.72793598 0.44531117]
