Optimizing ARP for b =  10.0
Optimizing Delta, T, and phases
0.7283285370100889
0.716596216245303
0.7360137194240763
0.7491611098239856
0.7676047615597075
[0.486 0.215]
0.7761434527340698
0.8031526467591698
[0.459  0.2375]
0.8438196021447087
0.909789069865042
[0.3375  0.25875]
0.948613532272141
0.9968320752113511
[0.22275  0.314375]
0.9206771315671294
[0.22275  0.314375]
0.6360554878278959
0.9899327807621499
[0.22275  0.314375]
0.8946625035003055
0.9804371420481204
[0.22275  0.314375]
0.9575358625948552
0.9957720635363974
[0.22275  0.314375]
0.9828842301564638
0.9959976928519908
[0.22275  0.314375]
0.9930461733135789
0.9967553994129941
[0.22275  0.314375]
0.9950649991048288
0.9967135222507087
[0.22275  0.314375]
0.996165538307094
0.9968867271701066
[0.22185352 0.30965332]
0.9967142814296325
0.9968875432367001
[0.21851807 0.31090942]
0.9966137353394
0.9968938620297904
[0.2214679  0.31232819]
0.9967884465006356
0.9969090147333104
[0.22092325 0.31063606]
0.9968841770276753
0.9969046376541619
[0.22092325 0.31063606]
0.9968706691934883
0.9969069735981295
[0.22092325 0.31063606]
0.9969095812826926
0.9969006404999915
[0.22199539 0.31106234]
0.9968978552258854
0.996910929706425
[0.22119414 0.31123563]
0.9969049321184195
0.9969110221636212
[0.22125901 0.31089252]
0.9969093034868772
0.9969109343575899
[0.22125901 0.31089252]
0.996909301459231
0.9969113020231777
[0.22131457 0.31110675]
0.9969109352713599
0.9969112092384446
[0.22131457 0.31110675]
0.996911115722773
0.9969112908850093
[0.22131457 0.31110675]
0.9969108787263008
0.9969113234751359
[0.22119097 0.31103803]
0.9969113177961954
[0.22119097 0.31103803]
0.9969112317248214
0.9969113358904732
[0.22128143 0.31107165]
0.9969113358904732
Phase:  [ 1.40417259 -1.59421301 -1.59406907]
Final Fidelity:  0.9969113358904732
Final Params:  [0.22128143 0.31107165]
