Optimizing ARP for b =  110.0
Optimizing Delta, T, and phases
0.9236535992977819
0.909605189418338
0.934560243208257
0.9474578970832743
0.9634045830420136
[0.486 0.215]
0.9708103354739515
0.9838463836430404
[0.459  0.2375]
0.9836318868423635
[0.459  0.2375]
0.9567774426363025
0.9798764959455405
[0.459  0.2375]
0.9801910472638228
0.985108678622545
[0.4185  0.24625]
0.9829052653336836
0.35170417690762323
0.9864986600920013
0.9844113680168878
[0.43875  0.241875]
0.9865216973302653
0.985131614943152
[0.4455  0.24375]
0.9834037120929824
0.9864354051239368
[0.4455  0.24375]
0.9854766075567685
0.9866243005174054
[0.43621875 0.24367187]
0.9867540548653225
0.9868742983273884
[0.44507813 0.24738281]
0.986660282264765
[0.44507813 0.24738281]
0.9870042009766515
0.9871586960073326
[0.448875  0.2546875]
0.9873119368559513
0.987410488420746
[0.46933594 0.25849609]
0.987936115788331
0.9884211780070038
[0.48716016 0.27500977]
0.9881214056852429
[0.48716016 0.27500977]
0.9892285773193347
0.9898795520113824
[0.5535  0.31375]
0.9899514514415857
0.9902073550926049
[0.54574805 0.32550293]
0.991786115458335
0.9924222241979404
[0.67455176 0.40885986]
0.9936733299284026
0.9872112331830152
[0.6667998  0.42061279]
0.9589303877412806
0.9919678971302022
[0.6667998  0.42061279]
0.9934019104876631
[0.6667998  0.42061279]
0.9890362398669542
0.9936017566247002
[0.6667998  0.42061279]
0.992205633209726
0.99510773830364
[0.70508496 0.44093506]
0.9951609009380712
0.9953185698818592
[0.68330566 0.443479  ]
0.9923094981543028
0.994656148023437
[0.68330566 0.443479  ]
0.994862587809086
0.9953491068994885
[0.70104419 0.44760559]
0.9946897352872297
0.995399279366489
[0.69862994 0.44323868]
0.9950227919867798
0.99543048814359
[0.69157137 0.44445057]
0.9953437039815896
0.995418224205588
[0.69157137 0.44445057]
0.9953423537126928
0.9954328947482902
[0.69672592 0.44416326]
0.9954247860386098
0.995437405497496
[0.69218675 0.44359782]
0.9954158978916461
0.9954393627306813
[0.69301385 0.44416555]
0.9954100995348073
0.9954401521830472
[0.69466311 0.44402247]
0.9954382516859425
0.9954402197920446
[0.69466434 0.44434211]
0.9954353404920062
0.9954406397436488
[0.69383879 0.44417392]
0.9954392075953671
0.9954405936067212
[0.69383879 0.44417392]
0.9954406238088445
[0.69383879 0.44417392]
0.9954397904347898
0.9954407739689237
[0.69409631 0.44410662]
0.9954404578587335
0.9954407404198578
[0.69409631 0.44410662]
0.9954406911500223
0.9954407633670895
[0.69409631 0.44410662]
0.9954406828147426
0.9954407726125609
[0.69409631 0.44410662]
0.9954407657668034
0.9954407757119326
[0.69401436 0.44411004]
0.9954407757119326
Phase:  [-2.11662447  1.18780514  1.18795146]
Final Fidelity:  0.9954407757119326
Final Params:  [0.69401436 0.44411004]
