Optimizing ARP for b =  200.0
Optimizing Delta, T, and phases
0.9394890182725941
0.9267515200676824
0.9495624102152632
0.9605097926329831
0.9732592310749812
[0.486 0.215]
0.9788466482811036
0.9855370657734854
[0.459  0.2375]
0.9744867558170295
[0.459  0.2375]
0.9320432802709112
0.9839780828533832
[0.459  0.2375]
0.9700817379424942
0.9836900017278112
[0.459  0.2375]
0.9800103412933499
0.9851945638113642
[0.459  0.2375]
0.9842758271055474
0.9851776101498477
[0.459  0.2375]
0.985015867171499
0.9853789575910255
[0.459  0.2375]
0.9857732749810775
0.985936650889327
[0.47334375 0.24390625]
0.985438421399143
0.9856720040403989
[0.47334375 0.24390625]
0.9859406256512395
0.9859046766015089
[0.48832031 0.24824219]
0.9862600518011492
0.9865327469447822
[0.49454297 0.25455078]
0.9863923515515751
[0.49454297 0.25455078]
0.9870060398720784
0.9874658727058299
[0.52945313 0.27367187]
0.9874960502755512
0.9877816139975826
[0.51695508 0.27456055]
0.988734585947906
0.9895874130933549
[0.58052637 0.31324707]
0.9894017958463653
[0.58052637 0.31324707]
0.9910543417460815
0.9919537575975633
[0.68892188 0.39195312]
0.9909863154688685
[0.68892188 0.39195312]
0.989929389887819
0.9926901645136423
[0.75249316 0.43063965]
0.9938418921090815
0.9949201269447844
[0.75928271 0.45176025]
0.9764529310869569
0.9925308032583937
[0.75928271 0.45176025]
0.9918295067622726
0.9934079695917749
[0.75928271 0.45176025]
0.9951940544266189
0.9936722041362137
[0.74593597 0.45000885]
0.9888561434241365
0.9948615281059516
[0.74593597 0.45000885]
0.9932955291076472
0.9951919750920839
[0.74593597 0.45000885]
0.9953018499465905
0.9950476484444808
[0.73589687 0.44363407]
0.9952079953228823
[0.73589687 0.44363407]
0.9950925616711119
0.9952916885525964
[0.73589687 0.44363407]
0.9952216220065548
0.9953044280569259
[0.74069517 0.44457981]
0.9951202793024998
0.9953271925925944
[0.73919277 0.44604212]
0.9952993675523629
0.9953174545195321
[0.73919277 0.44604212]
0.9953237206177223
[0.73919277 0.44604212]
0.9952985107992063
0.9953271216212661
[0.73919277 0.44604212]
0.9953188483008721
0.9953277241594246
[0.73747293 0.44578557]
0.9953225373460495
0.9953283993083896
[0.73809788 0.44557217]
0.9953258261687188
0.995328218731181
[0.73809788 0.44557217]
0.9953274024407893
0.9953283055988016
[0.73809788 0.44557217]
0.9953280349351408
0.9953284192297083
[0.73823981 0.44576103]
0.9953282223404091
0.9953284354694032
[0.73802603 0.44570878]
0.9953280684727354
0.9953284680082939
[0.7381154  0.44565354]
0.9953284132580552
0.9953284504656903
[0.7381154  0.44565354]
0.9953284680082939
Phase:  [3.53796881 0.55993535 0.55987184]
Final Fidelity:  0.9953284680082939
Final Params:  [0.7381154  0.44565354]
