Optimizing ARP for b =  130.0
Optimizing Delta, T, and phases
0.9290636846104856
0.9154053960116446
0.9397345115716226
0.9520372801382075
0.9670011571432611
[0.486 0.215]
0.9738539632232777
0.9848856712812529
[0.459  0.2375]
0.981238640595678
[0.459  0.2375]
0.9493603525832867
0.9816730061265566
[0.459  0.2375]
0.9628218043266275
0.9859101618118749
[0.432  0.2375]
0.9851965483884207
[0.432  0.2375]
0.9791712841747386
0.9861355702360601
[0.4455 0.24  ]
0.9844254054925581
0.9859612474365657
[0.4455 0.24  ]
0.9865063613892124
0.9867820341550397
[0.4573125 0.2496875]
0.9860827728722479
0.9863870801988031
[0.4573125 0.2496875]
0.9870967227468808
0.9875287900689502
[0.48410156 0.26308594]
0.9877444765227051
0.9881293215044731
[0.49327734 0.27775391]
0.9889893616804517
0.989898720830398
[0.55144336 0.31188477]
0.9901896455789796
0.9911576425180803
[0.59887793 0.35828613]
0.9924127032437277
0.994665671347018
[0.73892725 0.44974854]
0.9686820658756953
0.9915151773363049
[0.73892725 0.44974854]
0.9940091583230365
[0.73892725 0.44974854]
0.9157907914039791
0.992426015421765
[0.73892725 0.44974854]
0.9702176785567969
0.9931843997333681
[0.73892725 0.44974854]
0.9883658059664393
0.994165784711203
[0.73892725 0.44974854]
0.9948617275062794
0.9946749977882602
[0.7164795  0.43846233]
0.9950451729475499
0.9944160066948748
[0.7276322  0.45008362]
0.9951809341257525
0.9946519920228806
[0.70518446 0.43879742]
0.9951636055231207
[0.70518446 0.43879742]
0.9951325124739927
0.9953430406104378
[0.70232511 0.44187028]
0.9944251136495526
0.9953945081271913
[0.71004597 0.44537627]
0.9952659194175133
0.9953745203593273
[0.71004597 0.44537627]
0.9952314856689964
0.99539058263981
[0.71004597 0.44537627]
0.9953792063783478
0.99539455526031
[0.70820061 0.4438553 ]
0.9953800831248236
0.995397776418715
[0.70723443 0.44420202]
0.9953750122120255
0.9953988025418057
[0.70888175 0.44470247]
0.99539720594949
0.9953988860773901
[0.70798683 0.44475072]
0.9953961016658931
0.9953989832681763
[0.70783436 0.44446431]
0.9953975894342499
0.995399158333566
[0.70839617 0.44465499]
0.9953986722332804
0.9953991219998719
[0.70839617 0.44465499]
0.9953988374333691
0.9953991440258027
[0.70839617 0.44465499]
0.995399109728337
0.9953991694245641
[0.70813181 0.44463126]
0.9953990866073006
0.9953991763136468
[0.70814649 0.44460141]
0.9953990760336744
0.9953991827839462
[0.70826766 0.44463566]
0.9953991846395858
0.9953991545462192
[0.70828233 0.44460581]
0.9953991597509771
0.9953991792142535
[0.70828233 0.44460581]
0.9953991846395858
Phase:  [-2.32440363  0.98002296  0.98008059]
Final Fidelity:  0.9953991846395858
Final Params:  [0.70828233 0.44460581]
