Optimizing ARP for b =  50.0
Optimizing Delta, T, and phases
0.8835634225034561
0.8679001544629251
0.8952000574121179
0.9108921942170692
0.931624850393207
[0.486 0.215]
0.9416007791498586
0.9654031529127834
[0.459  0.2375]
0.9853783715040256
0.9769452328259771
[0.405  0.2425]
0.9871792252577345
0.9334392754814945
[0.378 0.265]
0.9586253688817559
0.9821009075020152
[0.378 0.265]
0.9831544553393208
0.9879679800776324
[0.374625  0.2578125]
0.9661409014936416
0.9889110660092905
[0.39065625 0.25195312]
0.9882304997761162
[0.39065625 0.25195312]
0.9844331055205104
0.9889140478126532
[0.38179687 0.25308594]
0.9888383499860274
0.9890431079875677
[0.38569922 0.25639648]
0.9882772332955017
0.9890374565220132
[0.38569922 0.25639648]
0.9891965832821134
0.9892966927348446
[0.3957583 0.2584436]
0.9893311616583729
0.9894055587795323
[0.39778198 0.2655658 ]
0.9897033995981233
0.9899511205665482
[0.41891199 0.27322113]
0.990183249458568
0.9905529902779605
[0.43352435 0.29129318]
0.9909930727297884
0.9912951908455421
[0.48309055 0.31563988]
0.992160823358758
0.9928149381181558
[0.53709837 0.36395733]
0.9909535152687748
0.9919807499350175
[0.53709837 0.36395733]
0.9928037304620145
[0.53709837 0.36395733]
0.9937945637582362
0.9955078189583755
[0.61246955 0.43638651]
0.9935124104396288
[0.61246955 0.43638651]
0.9924900698810789
0.9935376306450099
[0.61246955 0.43638651]
0.994900815003269
[0.61246955 0.43638651]
0.9753875122976678
0.9939536282366632
[0.61246955 0.43638651]
0.992274966688045
0.9944823982819391
[0.61246955 0.43638651]
0.994961620001666
[0.61246955 0.43638651]
0.9952916872262795
[0.61246955 0.43638651]
0.9957244831625315
0.9951890574061091
[0.60118841 0.43629253]
0.9948810939904966
0.9957115885755605
[0.60118841 0.43629253]
0.9957656914504146
0.9954774177943245
[0.60300389 0.44229109]
0.9955417811804541
0.9957959066338081
[0.60819059 0.44083844]
0.9955187071873296
0.9957999001163894
[0.60339282 0.43892865]
0.9956951202588638
0.9958042855818166
[0.60439779 0.44108732]
0.9957817191129913
0.9958076220389829
[0.60604295 0.44042321]
0.9957766419851534
0.9958090205668912
[0.6043066  0.43984196]
0.9957943350410224
0.9958092537823653
[0.60478628 0.44060995]
0.9958073678201527
0.9958094629666625
[0.60529469 0.44032458]
0.9958057253461245
0.9958099409319416
[0.60467354 0.44015461]
0.9958077622995908
0.9958098582021488
[0.60467354 0.44015461]
0.9958099009100574
[0.60467354 0.44015461]
0.9958095338178674
0.995810024973091
[0.604677   0.44031474]
0.9958096332824613
0.9958100321607919
[0.60446966 0.44024474]
0.9958098110208287
0.9958100283374632
[0.60446966 0.44024474]
0.9958099731262333
0.99581005003826
[0.60461177 0.44027285]
0.9958099912249522
0.9958100463682271
[0.60461177 0.44027285]
0.9958100277797529
0.9958100422614501
[0.60461177 0.44027285]
0.99581005003826
Phase:  [-0.7190361   2.58037377  2.5803812 ]
Final Fidelity:  0.99581005003826
Final Params:  [0.60461177 0.44027285]
