Optimizing ARP for b =  70.0
Optimizing Delta, T, and phases
0.9039693986309738
0.8888883154431237
0.915420051791353
0.9299961063749858
0.9487678727020212
[0.486 0.215]
0.9577207324099856
0.9768628310230385
[0.459  0.2375]
0.9874914462566382
0.957598829419201
[0.405  0.2425]
0.9764662342770334
0.9874675936980988
[0.405  0.2425]
0.9679185064435494
0.9852531405639737
[0.405  0.2425]
0.9826158897167387
0.9872762879361444
[0.405  0.2425]
0.9861865710899373
0.98768008043875
[0.41175 0.24625]
0.9861954186922828
0.9877126760779307
[0.4066875 0.2484375]
0.987960383251353
0.9880997897266872
[0.41765625 0.25703125]
0.9875849274900725
0.9878644440967155
[0.41765625 0.25703125]
0.988293487349214
0.9885595889385773
[0.43105078 0.26291016]
0.9887379441108265
0.9890857530238826
[0.44913867 0.28092773]
0.9896256299169663
0.9903226725390446
[0.48497168 0.30169434]
0.9908078305357041
0.9918082742495387
[0.53906396 0.34811279]
0.9925230148452477
0.9928589173002518
[0.63777612 0.41285522]
0.9929657186632723
0.9091800412812806
[0.69186841 0.45927368]
0.9282011217898628
0.9930633401505549
[0.60194312 0.39208862]
0.9953052565934847
0.9949765804077473
[0.6560354  0.43850708]
0.9924817207547217
0.9949795415824283
[0.6560354  0.43850708]
0.9785374708799992
0.9936075549936709
[0.6560354  0.43850708]
0.9927188001149493
0.9942909521810883
[0.6560354  0.43850708]
0.9949867038613021
[0.6560354  0.43850708]
0.995012771975397
[0.6560354  0.43850708]
0.995509159651073
0.9953244985805432
[0.65164197 0.43972839]
0.9946193366594807
0.995439488436644
[0.65164197 0.43972839]
0.9954886366280741
[0.65164197 0.43972839]
0.9955999943146259
0.9955340212852436
[0.64724854 0.44094971]
0.9952921116000268
0.9955810250829349
[0.64724854 0.44094971]
0.9955771544709228
0.9956037060322577
[0.6493379  0.44324961]
0.995594522517658
0.9956081121685724
[0.64595817 0.44154847]
0.9955921078152734
0.9956092442119939
[0.64744829 0.44167437]
0.9955806989242509
0.9956109157085311
[0.64802057 0.44243052]
0.9956069834948532
0.995610416744298
[0.64802057 0.44243052]
0.9956103979710536
0.9956112610652608
[0.64742601 0.44233604]
0.9956075448750883
0.9956113413764822
[0.64728479 0.44209187]
0.9956108406731345
0.9956112852181744
[0.64728479 0.44209187]
0.9956112351384553
0.9956113748349303
[0.6474562  0.44227155]
0.9956112172698928
0.9956113920384577
[0.64752924 0.44225197]
0.995611065469478
0.9956114082111365
[0.64738875 0.44217681]
0.9956113876002459
0.9956114063798899
[0.64738875 0.44217681]
0.9956113557206434
0.9956114099304039
[0.64747691 0.44221664]
0.9956114099304039
Phase:  [-1.41073283  1.89115275  1.89111055]
Final Fidelity:  0.9956114099304039
Final Params:  [0.64747691 0.44221664]
