Optimizing ARP for b =  90.0
Optimizing Delta, T, and phases
0.9159017258068026
0.9013806312908021
0.9270753649004628
0.9407174442804204
0.9579058313427453
[0.486 0.215]
0.9660002617365193
0.9816515274057401
[0.459  0.2375]
0.9859743092811579
0.9414843359448928
[0.405  0.2425]
0.9658022784287719
0.9840106924242118
[0.405  0.2425]
0.954648380553468
0.9867024115769061
[0.432  0.2425]
0.9845697666308695
0.9863297440887058
[0.432  0.2425]
0.9830021637042751
0.986800417016365
[0.4168125 0.24125  ]
0.9870585126073752
0.9868984422753784
[0.4235625 0.24625  ]
0.9860429649848973
0.9869465120604681
[0.4235625 0.24625  ]
0.9872610516223215
0.9874403778559561
[0.44085938 0.2515625 ]
0.9875982751877884
0.9878240330962966
[0.44444531 0.26046875]
0.9882404688870479
0.9886400558446166
[0.48083203 0.27554688]
0.9891616401696776
0.9898670172136184
[0.50619727 0.30089844]
0.9901309587780243
0.989861777808497
[0.54258398 0.31597656]
0.991316639841586
0.992114166404205
[0.61150781 0.37421875]
0.9907986599092696
[0.61150781 0.37421875]
0.9939542885590069
0.9458279599793571
[0.71681836 0.44753906]
0.9944155417175649
0.9946081791151316
[0.6967002  0.45404297]
0.9257995139724502
0.992857432146809
[0.6967002  0.45404297]
0.9746881903223137
0.994117092134048
[0.6967002  0.45404297]
0.9952920376136944
0.9935610088854957
[0.66282825 0.43815186]
0.9928016318721342
0.995205608440997
[0.66282825 0.43815186]
0.9939738915883534
0.9954070043347625
[0.68439599 0.44627762]
0.9953192578150094
[0.68439599 0.44627762]
0.9947252985688471
0.9954700445751714
[0.66898035 0.44203453]
0.9952876308036573
0.9954569814726093
[0.66898035 0.44203453]
0.9951137943206472
0.9954891696515058
[0.67726272 0.44486155]
0.9954910833211563
0.9954272536085014
[0.67496452 0.44203965]
0.9954397604016995
0.9954994084710683
[0.67254699 0.44274256]
0.9954338650793306
0.9955041467145984
[0.67550924 0.44362633]
0.9954886315586343
0.9955012145918877
[0.67550924 0.44362633]
0.995497577758938
0.9955033353700117
[0.67550924 0.44362633]
0.9955017651381564
0.9955040995717859
[0.67550924 0.44362633]
0.9954984459107062
0.9955046695726467
[0.67444348 0.44327499]
0.9955045572894343
[0.67444348 0.44327499]
0.9955037623558255
0.9955046826935033
[0.67517494 0.44345427]
0.9955043549862251
0.9955047743236949
[0.6750235  0.44332703]
0.9955040090351526
0.9955048112415397
[0.67477135 0.44333282]
0.9955047011822553
0.9955047903180054
[0.67477135 0.44333282]
0.995504713682374
0.9955048065287554
[0.67477135 0.44333282]
0.995504807264495
[0.67477135 0.44333282]
0.9955047762599827
0.9955048167007865
[0.6748667  0.44333472]
0.9955048167007865
Phase:  [-1.83200385  1.47088796  1.47090963]
Final Fidelity:  0.9955048167007865
Final Params:  [0.6748667  0.44333472]
