Optimizing ARP for b =  150.0
Optimizing Delta, T, and phases
0.9330400243865293
0.919704484899377
0.9435073314680279
0.9553281370568498
0.969500919438314
[0.486 0.215]
0.9759044679167574
0.985360120396131
[0.459  0.2375]
0.9790235661032911
[0.459  0.2375]
0.9432571404368685
0.9827450396211559
[0.459  0.2375]
0.965688410556528
0.9853381624803501
[0.459  0.2375]
0.9838887204214775
0.9855195355297199
[0.43875 0.2425 ]
0.9858104385604247
0.9848771444176471
[0.46575 0.2425 ]
0.9857040209326605
[0.46575 0.2425 ]
0.9862293017483728
0.9853844765300721
[0.4725 0.2475]
0.9826057230958831
0.9863741385595848
[0.4573125 0.24625  ]
0.9866578630272353
0.9865539931176792
[0.4640625 0.25125  ]
0.2566521017317399
0.9864958837929769
[0.4640625 0.25125  ]
0.9868226116103618
0.9869955467758015
[0.48135938 0.2565625 ]
0.9871820436696322
0.9874298611242012
[0.48494531 0.26546875]
0.9878273824564616
0.9882503756542963
[0.52133203 0.28054688]
0.9887532236658281
0.9894515400379535
[0.54669727 0.30589844]
0.9898827742634255
0.9899557439817397
[0.63215332 0.34873047]
0.9912350612807188
0.9914864870578988
[0.72561182 0.42084961]
0.9899128195107204
0.9895642092428193
0.9907614757561455
0.991390878901854
[0.72561182 0.42084961]
0.992188162022435
0.9926698161969989
[0.6848844  0.40675537]
0.991969838411176
[0.6848844  0.40675537]
0.995130483820605
0.9921570495875258
[0.73361426 0.45013672]
0.9917039130553014
0.9949077238731603
[0.73361426 0.45013672]
0.9760385631344082
0.9938320463398441
[0.73361426 0.45013672]
0.9905562653145888
0.9948254559422227
[0.73361426 0.45013672]
0.9938512267706103
0.9951140166684638
[0.73361426 0.45013672]
0.995345774060667
0.9952705945843332
[0.72292108 0.44685055]
0.9947709937767113
0.9952708889907955
[0.72292108 0.44685055]
0.9953209478952583
[0.72292108 0.44685055]
0.9953256130581379
[0.72292108 0.44685055]
0.9952689239044394
0.9953614622319412
[0.71828315 0.44384714]
0.9952887150988494
0.9953635753626522
[0.716415   0.44445661]
0.9952791425954963
0.9953688326272111
[0.72013508 0.44550121]
0.99535718005032
0.9953681233003405
[0.72013508 0.44550121]
0.9953637573781119
0.9953687904182844
[0.72013508 0.44550121]
0.9953566364758839
0.9953703127095918
[0.7193241  0.44488366]
0.9953700376833472
[0.7193241  0.44488366]
0.9953687715655163
0.9953700940766717
[0.7193241  0.44488366]
0.9953695506056645
0.9953704060543035
[0.71916219 0.44512614]
0.9953700383335744
0.995370415945423
[0.71942786 0.44513539]
0.9953695079796638
0.9953704968673316
[0.71930956 0.44500721]
0.9953703604571315
0.9953704747886634
[0.71930956 0.44500721]
0.995370503123445
0.9953704120845216
[0.71914715 0.44497054]
0.9953703665793293
0.9953705098168139
[0.7192469 0.4450438]
0.9953705098168139
Phase:  [-2.47992533  0.82509423  0.82523697]
Final Fidelity:  0.9953705098168139
Final Params:  [0.7192469 0.4450438]
