Optimizing ARP for b =  50.0
Optimizing Delta, T, and phases
0.8769411774741557
0.8851208334339835
0.8675906819849963
0.8918969905337946
0.8997876705965332
[0.5423375 0.1999998]
0.9031568086650592
0.908341263005308
[0.59909375 0.1888887 ]
0.9109851801395807
0.9089810532718088
[0.61170625 0.1666665 ]
0.9092793928107032
[0.61170625 0.1666665 ]
0.9068546108310769
0.9104427039957007
[0.61170625 0.1666665 ]
0.90688344060848
0.9104358303393086
[0.61170625 0.1666665 ]
0.9097232286125779
0.9107150474836397
[0.61170625 0.1666665 ]
0.9110439210346828
0.9111374448328828
[0.6216583  0.15052068]
0.9119397584848029
0.9126177745117764
[0.59234409 0.14175333]
0.9153044447441409
0.9250640462564159
[0.59759109 0.10507802]
0.9637278731924132
0.9791840101532592
[0.54158617 0.06920566]
0.9044179264434343
0.9220170167962749
[0.54158617 0.06920566]
0.9813379422436269
0.9044179261475862
[0.5582109  0.05983609]
0.872648964923617
0.9498706515341024
[0.5582109  0.05983609]
0.9199556370599721
0.9820419598707117
[0.56182167 0.07466016]
0.9816626481060385
[0.56182167 0.07466016]
0.9630748950956025
0.9815662810923061
[0.56182167 0.07466016]
0.9811493233679897
0.98110315128905
0.9813340448208449
0.9809240645052092
[0.56182167 0.07466016]
0.9817422266228855
[0.56182167 0.07466016]
0.9739581198572773
0.9818381226301571
[0.56182167 0.07466016]
0.981525644519194
0.9820019459859297
[0.56182167 0.07466016]
0.9811394363426928
0.9820025825062155
[0.56182167 0.07466016]
0.9820290826036928
[0.56182167 0.07466016]
0.9820798767547468
0.9820133369835865
[0.55676808 0.07513752]
0.981801855839305
0.9820733873141219
[0.55676808 0.07513752]
0.9821092710593232
0.982115265215351
[0.55173121 0.07496336]
0.9821584867322648
0.9821914823965079
[0.54245237 0.07638144]
0.9822026921951369
0.9821817694386414
[0.53741549 0.07620728]
0.9822940074539792
0.982283360827418
[0.52813665 0.07762536]
0.9823028815017987
0.9822854922486435
[0.52309977 0.07745121]
0.9823864399457728
0.9823257831984371
[0.51382093 0.07886929]
0.9824177600021564
0.9824144494234244
[0.50878405 0.07869513]
0.9824610488801784
0.9823304557017273
[0.49950521 0.08011321]
0.982540464524503
0.9825585823926035
[0.48479204 0.08047394]
0.9826493016296285
0.9826174276708562
[0.4755132  0.08189202]
0.9827085529537
0.9826023885231843
[0.46080003 0.08225274]
0.9828311592422015
0.982841699140699
[0.43488576 0.08526926]
0.9830691504440535
0.983080327920948
[0.39250228 0.08749898]
0.9830106801488585
[0.39250228 0.08749898]
0.9783119798710581
0.9831874952126648
[0.40721545 0.08713825]
0.9827785831709214
0.9832819507700074
[0.38322343 0.08891706]
0.9832560249141674
[0.38322343 0.08891706]
0.9832714135664948
[0.38322343 0.08891706]
0.982611164105829
0.9833606214351134
[0.38826031 0.08909121]
0.9832448604047669
0.9833415989049654
[0.38826031 0.08909121]
0.9834066791286218
0.9834288769935714
[0.38570845 0.09030716]
0.9833264030306919
0.9833884879022623
[0.38570845 0.09030716]
0.9834018800756383
[0.38570845 0.09030716]
0.9833772187561375
0.9834161696720207
[0.38570845 0.09030716]
0.9833880213028603
0.9834237755259498
[0.38570845 0.09030716]
0.983436560089973
0.9834367224741085
[0.38590685 0.09101706]
0.9834369669167812
0.9834244446349869
[0.38891984 0.09076123]
0.9834290693867581
0.9834390462453229
[0.3882658  0.09118013]
0.9834317404173485
0.9834405987947297
[0.38724984 0.09099387]
0.9834209300255254
0.9834409669835614
[0.38833883 0.09092411]
0.9834395392564491
0.9834408112871335
[0.38833883 0.09092411]
0.9834381786871649
0.9834411885776367
[0.38759928 0.09094007]
0.9834412023463687
0.9834407524971455
[0.38837951 0.09101576]
0.9834407266177633
0.9834412184581418
[0.38816411 0.09095102]
0.9834409100214818
0.9834412685575102
[0.38793554 0.09096173]
0.9834411078819805
0.9834412566518077
[0.38793554 0.09096173]
0.9834412201508399
0.9834412595562465
[0.38793554 0.09096173]
0.9834412283848213
0.9834412713444743
[0.38809887 0.0909798 ]
0.9834412629346845
0.9834412721576943
[0.38801051 0.09096348]
0.9834412721576943
Phase:  [2.8046161  1.64519286 1.64535381 1.64532877]
Final Fidelity:  0.9834412721576943
Final Params:  [0.38801051 0.09096348]
