Optimizing ARP for b =  110.0
Optimizing Delta, T, and phases
0.8452010265776408
0.8582908999275055
0.83001842486253
0.8700081970780904
0.8841268616216311
[0.5423375 0.1999998]
0.8905851429802478
0.9019073300989198
[0.59909375 0.1888887 ]
0.9098478785921168
0.9120451090905369
[0.65269687 0.13888875]
0.9084348776753997
[0.65269687 0.13888875]
0.9075672453072133
0.9060604028509548
0.9104083559660232
0.9107095826047089
[0.65269687 0.13888875]
0.9085542092576664
0.9117797916972378
[0.65269687 0.13888875]
0.9100149559769255
0.912051813631179
[0.64116826 0.15225679]
0.9125102384973558
0.9124576411418199
[0.63367959 0.14878457]
0.9109355544169584
0.9123559968977633
[0.63367959 0.14878457]
0.9127044721413289
0.9128520843871737
[0.63577346 0.13572035]
0.9132731429516718
0.9138665079390452
[0.61405878 0.13734795]
0.9172076554515958
0.9208387824610912
[0.60738918 0.11203331]
0.9251343406588011
0.9536872979260322
[0.56062501 0.10263119]
0.9811767367458686
0.9246369200524897
[0.55395541 0.07731655]
0.975342610148483
[0.55395541 0.07731655]
0.9050658326618729
0.9690538092055379
[0.55395541 0.07731655]
0.9809312424168447
[0.55395541 0.07731655]
0.9809065181663504
0.979953780094883
0.9787126596332528
0.9796229396134923
[0.55395541 0.07731655]
0.9661490768019472
0.9794575567498586
[0.55395541 0.07731655]
0.9798533403474788
[0.55395541 0.07731655]
0.9577663374243645
0.9826118719693422
[0.54028072 0.07531638]
0.9822555480969604
[0.54028072 0.07531638]
0.9794950492936779
0.9826294745155736
[0.54910171 0.0759661 ]
0.982318614467408
0.9826770634903372
[0.54292917 0.07650439]
0.981626759120754
0.9827512490393001
[0.54314808 0.07577581]
0.9828034327306954
0.9827976003348928
[0.53697554 0.07631409]
0.9826325260565132
0.9827595959743638
[0.53697554 0.07631409]
0.9828098448786999
0.9828083085306231
[0.53532296 0.07681295]
0.9828562395993822
0.9828824861018478
[0.52545676 0.07714123]
0.9829173777930685
0.9829607763023333
[0.51721849 0.07830309]
0.983033041444011
0.9830935832482217
[0.49336696 0.07954059]
0.9832358213435253
0.9833732288592567
[0.46496465 0.08248305]
0.9835050571713188
0.9834420005362751
[0.44111313 0.08372054]
0.9837894336603874
0.9829941612777282
[0.41271082 0.08666301]
0.9834476146216568
0.9836877815495235
[0.41271082 0.08666301]
0.9833913231456707
0.9836519856017532
[0.41271082 0.08666301]
0.9837482545970543
[0.41271082 0.08666301]
0.9838713138602849
0.9838943595057535
[0.39563112 0.08897212]
0.9838078152943248
[0.39563112 0.08897212]
0.9839258617846763
0.9834597479982766
[0.39637147 0.08989765]
0.9831160000466005
0.9839212262222669
[0.39637147 0.08989765]
0.9839593376313643
0.9839304010109787
[0.40546658 0.08943724]
0.9838622972446424
0.9839528888823683
[0.40546658 0.08943724]
0.9838442512130634
0.9839624414429958
[0.40025803 0.08958053]
0.9839741760895531
0.9839674311545994
[0.40290198 0.08992819]
0.9839365659663771
0.9839698107685325
[0.40290198 0.08992819]
0.9839725239090908
[0.40290198 0.08992819]
0.9839756120446648
0.983969115136323
[0.40554593 0.09027586]
0.9839671684896583
0.9839757055444566
[0.4051956  0.09002275]
0.9839730328454159
0.9839759468764028
[0.40413638 0.09003875]
0.9839736589020299
0.9839762256072473
[0.40510596 0.0901533 ]
0.983975176648286
0.9839761423259432
[0.40510596 0.0901533 ]
0.983975868552528
0.9839761872644794
[0.40510596 0.0901533 ]
0.9839760622039505
0.9839762316895346
[0.40487363 0.09008615]
0.9839761653893945
0.9839762417385756
[0.40478078 0.09009614]
0.9839760749504934
0.9839762571574979
[0.40496658 0.09012222]
0.9839762350197759
0.9839762492823427
[0.40496658 0.09012222]
0.9839762337377029
0.9839762547078604
[0.40496658 0.09012222]
0.9839762571229963
[0.40496658 0.09012222]
0.9839762536664114
0.9839762547488236
[0.40496658 0.09012222]
0.9839762571574979
Phase:  [2.47041444 1.47327185 1.47312984 1.47301326]
Final Fidelity:  0.9839762571574979
Final Params:  [0.40496658 0.09012222]
