Optimizing ARP for b =  90.0
Optimizing Delta, T, and phases
0.8529192925822228
0.8649301701061888
0.8390701050022722
0.8755006346275548
0.8881647001329609
[0.5423375 0.1999998]
0.893911854497169
0.9037665959869307
[0.59909375 0.1888887 ]
0.9103924841354127
0.9114875544505755
[0.65269687 0.13888875]
0.9076480427387973
[0.65269687 0.13888875]
0.9066064792281978
0.905207135816965
0.9096974425569238
0.910996411079591
[0.65269687 0.13888875]
0.9093977617128665
0.9112601666862997
[0.65269687 0.13888875]
0.909177170511966
0.9118484102310211
[0.64116826 0.15225679]
0.9122570142301359
0.9123843332749028
[0.62042661 0.15199638]
0.910558020816825
0.9120708820862512
[0.62042661 0.15199638]
0.9128748913914057
0.9134034391179594
[0.61092413 0.14174248]
0.9136503872193574
0.9140914429292919
[0.5635318  0.14959295]
0.9166514234529161
0.9291451252379243
[0.52083066 0.13301039]
0.9274870513081144
[0.52083066 0.13301039]
0.9677803225906444
0.981497094756294
[0.3643399  0.11162098]
0.9828362772269709
0.9778292456340489
[0.41173223 0.10377051]
0.8223157927197762
0.961752344047087
[0.41173223 0.10377051]
0.9719372595821362
0.9723183810374656
[0.41173223 0.10377051]
0.9771937955605259
0.9824730746740532
[0.41173223 0.10377051]
0.9826314971946098
[0.41173223 0.10377051]
0.9833196214297196
0.9778961161322818
[0.45912456 0.09592004]
0.982903355197747
[0.45912456 0.09592004]
0.9802976924655498
0.9830832621606382
[0.45912456 0.09592004]
0.9827801371800056
0.9833028037243937
[0.45912456 0.09592004]
0.9828773047050249
0.9833853890024563
[0.43509198 0.0983301 ]
0.983139698881219
0.9834838405032492
[0.43882129 0.09722722]
0.982429531037997
0.9835179616981374
[0.4480406  0.09684935]
0.9834938918933958
[0.4480406  0.09684935]
0.9832503591917042
0.9835349130262409
[0.44436327 0.09676256]
0.9834819097283135
0.9835243492386435
[0.44436327 0.09676256]
0.9835524497859879
0.9835676169707604
[0.44394259 0.09585946]
0.983531775524465
0.983547126796567
[0.44394259 0.09585946]
0.9835880909837759
0.9836197798868392
[0.439792   0.09475668]
0.98362068738221
0.9835955582941237
[0.44199815 0.09428772]
0.9836554414256452
0.9835856891357778
[0.43784756 0.09318494]
0.9835889955886912
0.9836371824356596
[0.43784756 0.09318494]
0.9836790003384015
0.9836980232923602
[0.43256118 0.09257172]
0.9836237852261626
0.9836641385595475
[0.43256118 0.09257172]
0.9837093406529483
0.9837300900741138
[0.42944299 0.09283133]
0.9837588035360902
0.9837792420328177
[0.41794446 0.09097973]
0.9838273594380766
0.9838674301084925
[0.40595882 0.09057315]
0.9837811700981066
[0.40595882 0.09057315]
0.9832378425437522
0.9838369534088522
[0.40595882 0.09057315]
0.9837894661713351
0.9838334705417251
[0.40595882 0.09057315]
0.9838604669801431
[0.40595882 0.09057315]
0.9838651423337167
[0.40595882 0.09057315]
0.9838627205631743
0.9838723813924681
[0.40237775 0.09052018]
0.9838484718312822
0.9838739215212974
[0.4010196  0.09019436]
0.9838627285929565
0.9838724674467612
[0.4010196  0.09019436]
0.9838722247647801
0.9838736509771054
[0.4010196  0.09019436]
0.9838718013380211
0.9838737427040507
[0.4010196  0.09019436]
0.983873772076534
[0.4010196  0.09019436]
0.98387113828861
0.9838741531515274
[0.40198669 0.09028151]
0.9838740766816889
[0.40198669 0.09028151]
0.9838737648750626
0.9838741390553093
[0.40198669 0.09028151]
0.9838739642395391
0.9838741724416885
[0.4016585  0.09029174]
0.9838740921378016
0.9838741850997187
[0.4016168  0.09026697]
0.9838740413536968
0.98387419027819
[0.40181217 0.09028043]
0.9838741605576707
0.9838741887843853
[0.40181217 0.09028043]
0.9838741865256873
0.9838741913152796
[0.4018156  0.09028888]
0.983874170534782
0.9838741937439917
[0.40175019 0.09028369]
0.9838741937439917
Phase:  [2.53792376 1.50643032 1.50619183 1.50612925]
Final Fidelity:  0.9838741937439917
Final Params:  [0.40175019 0.09028369]
