Optimizing ARP for b =  70.0
Optimizing Delta, T, and phases
0.8631207539641199
0.8736004298750444
0.8511107460235384
0.882606298195782
0.8932936164449405
[0.5423375 0.1999998]
0.8980633274198235
0.9059551624208753
[0.59909375 0.1888887 ]
0.9108682447454439
0.9105796033089173
[0.61170625 0.1666665 ]
0.9104527128439369
[0.61170625 0.1666665 ]
0.9086169282542583
0.9105804177884215
[0.61170625 0.1666665 ]
0.911844124619697
0.9117014193733683
[0.60382344 0.15833317]
0.9058116842117437
0.9115145923935067
[0.60382344 0.15833317]
0.9120640740776668
0.91150740814002
[0.62628945 0.14652763]
0.91306128554107
0.9140516845119178
[0.5768248 0.1475693]
0.9137344466764439
[0.5768248 0.1475693]
0.9181167266999071
0.9337511971361501
[0.51159453 0.13194431]
0.9205589404057275
[0.51159453 0.13194431]
0.969639534628343
0.9820181500916821
[0.34743496 0.11840266]
0.9786214717264738
[0.34743496 0.11840266]
0.9269337520300782
0.9670126774866586
[0.34743496 0.11840266]
0.9399486551964668
0.9780696474571153
[0.34743496 0.11840266]
0.9630960460355175
0.9822356904763295
[0.37778379 0.11493044]
0.9795921042070084
0.9803874790353757
[0.37778379 0.11493044]
0.9817833208764996
0.9824492032836868
[0.36443228 0.11414919]
0.9828837361028266
0.9830738921677723
[0.41845417 0.10681413]
0.9828363820342118
[0.41845417 0.10681413]
0.9830330713114422
[0.41845417 0.10681413]
0.9820892433444127
0.9831878756157425
[0.42194601 0.10439443]
0.9827561340396542
0.9832313297537038
[0.43966233 0.10215105]
0.9833113844377547
0.9832341612467562
[0.44315417 0.09973135]
0.9830486959484321
0.9832531217389275
[0.44315417 0.09973135]
0.9832558352696645
[0.44315417 0.09973135]
0.9833582886017916
0.9832089964350117
[0.44664601 0.09731164]
0.9832532945314018
0.9833097261977708
[0.44664601 0.09731164]
0.9833215443819002
[0.44664601 0.09731164]
0.9832673110404065
0.9833306019059223
[0.44664601 0.09731164]
0.9833398514551152
[0.44664601 0.09731164]
0.9833755833866109
0.9834024762708896
[0.44244955 0.09614358]
0.9833902556780998
[0.44244955 0.09614358]
0.9834216280337212
0.9832635608778585
[0.44233875 0.09402558]
0.9834526091324242
0.9834538375089857
[0.43411205 0.09486647]
0.983464638023213
0.9832018836115406
[0.43400125 0.09274846]
0.9835374041261242
0.9835222809686583
[0.42577455 0.09358935]
0.9834299473806232
0.9835079536078982
[0.42577455 0.09358935]
0.9833363913368105
0.9835283600569642
[0.42577455 0.09358935]
0.9835750882386735
0.9835938415774705
[0.42182825 0.09226264]
0.9836160318074959
0.9836357197020191
[0.4085157 0.092226 ]
0.9836913957204289
0.9836915814215837
[0.39396683 0.08955426]
0.9834647258079888
0.9836611782474765
[0.39396683 0.08955426]
0.9836527716544463
0.9836704841421169
[0.39396683 0.08955426]
0.9827962002232925
0.9836797525531367
[0.39396683 0.08955426]
0.9837119974830737
0.9837136703185179
[0.39755282 0.09077718]
0.9836449191100985
0.9837029649650508
[0.39755282 0.09077718]
0.9836820676181627
0.9837081713174608
[0.39755282 0.09077718]
0.9837106404468783
[0.39755282 0.09077718]
0.9836805656790968
0.9837146442922049
[0.39605556 0.0903429 ]
0.9837116424666088
0.9837146320394713
[0.39605556 0.0903429 ]
0.9837104080983828
0.9837153858248833
[0.39735066 0.09062714]
0.9837143240063096
0.9837153311363915
[0.39735066 0.09062714]
0.9837130903792688
0.9837154459763233
[0.39673351 0.09046527]
0.983715602710665
0.9837153326408988
[0.3966119  0.09054425]
0.9837150292595092
0.9837156055524826
[0.39701168 0.09056595]
0.9837151087984422
0.9837156171190303
[0.39677265 0.09051019]
0.9837155097750209
0.9837156376640084
[0.39675203 0.09054116]
0.9837155827687407
0.9837156324950894
[0.39675203 0.09054116]
0.9837155735644313
0.9837156375925998
[0.39675203 0.09054116]
0.983715637681359
0.9837156198869442
[0.39666111 0.09052218]
0.9837156199329198
0.9837156422924115
[0.39675133 0.09052925]
0.9837156422924115
Phase:  [2.63788822 1.55729913 1.55718082 1.55694102]
Final Fidelity:  0.9837156422924115
Final Params:  [0.39675133 0.09052925]
