Optimizing ARP for b =  150.0
Optimizing Delta, T, and phases
0.8344064857474907
0.8489034187366936
0.8174340074831904
0.8621790798659943
0.8782789829584473
[0.5423375 0.1999998]
0.8856938247185498
0.8990448795875474
[0.59909375 0.1888887 ]
0.9088489933867895
0.9126580655658869
[0.65269687 0.13888875]
0.9094257559132579
[0.65269687 0.13888875]
0.9089243818105878
0.9071832763587722
0.911263467778807
0.9100797359124232
[0.65269687 0.13888875]
0.9086415738105461
0.9123017703355238
[0.65269687 0.13888875]
0.911657115945567
0.9125164787159106
[0.65269687 0.13888875]
0.9131539015624811
0.9135887208119442
[0.63693125 0.1333332 ]
0.913752958190861
0.9130363519927824
[0.65585   0.1222221]
0.9165402602225579
0.9198881625902431
[0.63377812 0.10555545]
0.936133974680227
0.9600713487722657
[0.66057969 0.07499992]
0.975897738744891
0.9392049646288665
[0.63850781 0.05833327]
0.9442254430460026
0.9709296740967471
[0.63850781 0.05833327]
0.9328693047559523
0.9804830445858154
[0.65427344 0.06388882]
0.9696841331677939
0.9807045584482944
[0.65190859 0.05416661]
0.9755356782309955
0.9755945422880314
0.9754863992466448
0.977041508930349
[0.65190859 0.05416661]
0.9799843861724664
[0.65190859 0.05416661]
0.9757497890729271
0.9805534537095633
[0.65190859 0.05416661]
0.9743630369653979
0.9817379859512859
[0.64663696 0.05286453]
0.9816809341064106
[0.64663696 0.05286453]
0.9798941230558023
0.981575206011706
[0.64663696 0.05286453]
0.9811267972905265
0.981735569412258
[0.64663696 0.05286453]
0.9817372222583115
[0.64663696 0.05286453]
0.9817835793487937
0.9817828515482163
[0.64131606 0.05321175]
0.9816012529087419
0.9817732624311629
[0.64131606 0.05321175]
0.9817868902925702
0.9817523123676641
[0.63898201 0.05356982]
0.9818163222027607
0.9818376695385089
[0.63184129 0.05372716]
0.9818126403060288
[0.63184129 0.05372716]
0.9818828565377339
0.9819302838867081
[0.61405878 0.05457894]
0.9818934193197746
[0.61405878 0.05457894]
0.9820052058481487
0.9820862320935798
[0.58199482 0.05574539]
0.9821252626809986
0.9822221146255874
[0.56129474 0.05704476]
0.9824092454108085
0.9824632718893817
[0.48681679 0.06002734]
0.9823158180536292
[0.48681679 0.06002734]
0.9761983848266805
0.9824850822793485
[0.51888074 0.05886089]
0.9823058703167209
0.9825223718523304
[0.48448274 0.06038541]
0.9825039802785203
[0.48448274 0.06038541]
0.9825462841232033
0.9822458676940135
[0.48214869 0.06074348]
0.9818418083586916
0.9825753202015906
[0.4999312 0.0598917]
0.982598172537857
0.9825760082495413
[0.49759715 0.06024978]
0.9825066519156611
0.9825871084947084
[0.49759715 0.06024978]
0.982597349393519
[0.49759715 0.06024978]
0.9826101138264728
0.9826069934676606
[0.4952631  0.06060785]
0.9825728140089846
0.9826070328355775
[0.4952631  0.06060785]
0.9826062103630909
0.982610388619053
[0.49185594 0.06077875]
0.9826119149761334
0.982609899145009
[0.49484278 0.0607896 ]
0.9826093348132147
0.9826115910688678
[0.49484278 0.0607896 ]
0.982607950235603
0.9826118572843637
[0.49484278 0.0607896 ]
0.9826121610434231
0.9826114500071699
[0.49375178 0.06085436]
0.9826109962578005
0.9826122277423606
[0.49375625 0.06079138]
0.9826116954557507
0.982612193668947
[0.49375625 0.06079138]
0.9826120076254986
0.9826122456572445
[0.49388955 0.06082659]
0.9826121512568695
0.9826122447275429
[0.49388955 0.06082659]
0.982612148989679
0.9826122567900757
[0.49386568 0.06080424]
0.9826122429867791
0.9826122546333225
[0.49386568 0.06080424]
0.9826122325703692
0.982612257120317
[0.49390348 0.06081723]
0.982612257120317
Phase:  [ 1.524819   -0.20900004 -0.20896419 -0.20906045]
Final Fidelity:  0.982612257120317
Final Params:  [0.49390348 0.06081723]
