Optimizing ARP for b =  10.0
Optimizing Delta, T, and phases
0.9121978550574217
0.911789409912961
0.9123107137350057
0.9121273115030779
0.9122909679338368
[0.5045    0.2333331]
0.912127756565853
0.9122807926598093
[0.5045    0.2333331]
0.9122574299318851
0.9123007556576459
[0.5045    0.2333331]
0.9122787130264051
0.9123034175463485
[0.5045    0.2333331]
0.9123090842449615
[0.5045    0.2333331]
0.9123214905086643
0.9123312982834764
[0.51533887 0.24023413]
0.912320007359722
[0.51533887 0.24023413]
0.9123474185427786
0.9123729809284948
[0.54115508 0.25182266]
0.9123905313513008
0.9124357322754738
[0.54854521 0.26056832]
0.9125031844081732
0.9126018595840342
[0.60387271 0.2881182 ]
0.9127062858279695
0.9128989654967142
[0.64631672 0.31938445]
0.9129866986836485
0.9130710130098563
[0.77819371 0.39011734]
0.9180654995871937
0.9729510317175616
[0.92902025 0.48801628]
0.8846640765938488
0.9132022336406715
[0.92902025 0.48801628]
0.9798062082983466
0.927412542489805
[0.90078838 0.47712456]
0.8692033089729407
0.9279601846495316
[0.90078838 0.47712456]
0.9087583609498687
0.9731441174225383
[0.90078838 0.47712456]
0.9567990635292605
0.9797697942837152
[0.90078838 0.47712456]
0.9616327498799142
0.9802020940828999
[0.88906254 0.46701646]
0.9801519360813576
[0.88906254 0.46701646]
0.9730456300190864
0.9808563217010602
[0.89309146 0.47198344]
0.9808560967654304
[0.89309146 0.47198344]
0.97978830163627
0.9807514770806188
[0.89309146 0.47198344]
0.9805306674658836
0.9808586077164361
[0.89483524 0.4708723 ]
0.9808461779276014
0.980867464231448
[0.89719541 0.47187979]
0.9808507411587521
0.9808679989261185
[0.89455339 0.47167975]
0.9808220281827623
0.9808701625241634
[0.89535482 0.47132603]
0.9808662877362694
0.980869784936242
[0.89535482 0.47132603]
0.9808710091032325
0.9808679248618971
[0.89687618 0.47133763]
0.9808620432055772
0.9808713601652096
[0.89609513 0.47151159]
0.9808725904650263
0.980873328195683
[0.89874733 0.47162176]
0.980870462608219
0.980872093625061
[0.89874733 0.47162176]
0.9808742130639112
0.9808754255261519
[0.9016538  0.47158769]
0.9808764739943615
0.9808779446328144
[0.90630429 0.47190987]
0.9808801603322955
0.9808830435979446
[0.91444247 0.47200282]
0.9808845459141657
0.9808863436169846
[0.92781253 0.47269366]
0.9808907266049954
0.9808934049592064
[0.95077392 0.47322498]
0.9808892325147817
[0.95077392 0.47322498]
0.9808911704171337
[0.95077392 0.47322498]
0.9808944259481781
0.9808920342462729
[0.97373531 0.47375631]
0.9808903091035306
0.9808937242197945
[0.97373531 0.47375631]
0.9808918267343167
0.9808945591184441
[0.96249079 0.47354379]
0.9808943861403456
0.9808948002860713
[0.96482958 0.47349063]
0.9808939025913411
0.9808947373800496
[0.96482958 0.47349063]
0.9808940094156094
0.9808948200270852
[0.96462723 0.47355374]
0.9808947004051156
0.980894828578736
[0.96671308 0.47357947]
0.9808947019567592
0.9808948449844542
[0.96524986 0.47352862]
0.9808947232302762
0.9808948465059828
[0.96530435 0.47355389]
0.9808948382667313
0.9808948491234312
[0.96455912 0.47352215]
0.9808948299920256
0.9808948501138984
[0.9650908  0.47353332]
0.9808948402892763
0.9808948514743983
[0.96506465 0.47354081]
0.9808948482462054
0.9808948510081552
[0.96506465 0.47354081]
0.9808948495355572
0.9808948513591725
[0.96506465 0.47354081]
0.9808948506520621
0.980894850889444
0.9808948509249072
0.9808948522101489
[0.96494154 0.47353521]
0.9808948505519801
0.9808948498999275
0.9808948499397256
0.980894851676834
[0.96494154 0.47353521]
0.9808948522101489
Phase:  [ 0.47144921 -1.60256806 -1.60249179 -1.60267596]
Final Fidelity:  0.9808948522101489
Final Params:  [0.96494154 0.47353521]
