Optimizing ARP for b =  30.0
Optimizing Delta, T, and phases
0.8953715794063632
0.8999213244885826
0.8900510710991206
0.9034349355900019
0.9072532499774647
[0.5423375 0.1999998]
0.9085824184596779
0.910046485182209
[0.59909375 0.1888887 ]
0.9097813981462888
[0.59909375 0.1888887 ]
0.9066745589822824
0.9099371136548292
[0.59909375 0.1888887 ]
0.9064020466794367
0.910317945599108
[0.59909375 0.1777776 ]
0.909737947662822
0.9101943987953515
[0.59909375 0.1777776 ]
0.9105834357118644
0.9107547135834555
[0.580175   0.16805539]
0.9103009650818767
0.9104340860246807
[0.580175   0.16805539]
0.9113848832469101
0.9126868468498428
[0.55889141 0.1460068 ]
0.9136830606277458
0.9172310610156977
[0.52617773 0.13845472]
0.9395604438973493
0.976338470520198
[0.46725371 0.09058151]
0.9804356163996049
0.8427288081807203
[0.43454004 0.08302943]
0.8178369220746889
0.94863034962191
[0.43454004 0.08302943]
0.967419293126766
0.9555863446198171
0.9779902982510066
0.9820781515752631
[0.46153867 0.09782976]
0.9819544809055918
[0.46153867 0.09782976]
0.9689507173273109
0.9771256211120002
0.9822134900251261
0.9778662564313718
[0.45336025 0.09594174]
0.9801787386509806
0.9819241735906135
[0.45336025 0.09594174]
0.9813894789843858
0.9821632502934853
[0.45336025 0.09594174]
0.9823577951421825
0.9824209672103648
[0.44666602 0.09600278]
0.9818307312867521
0.9823090461191673
[0.44666602 0.09600278]
0.982483243353219
0.9825357588764579
[0.44563987 0.09797472]
0.9825805768781093
0.9825602108240415
[0.43739833 0.09674147]
0.9825180300141128
0.9825556048274319
[0.43739833 0.09674147]
0.9825520067371748
0.982562765098329
[0.43739833 0.09674147]
0.9826039912088397
0.9825665017512455
[0.43289073 0.09580128]
0.9825619535173524
0.9825826005883636
[0.43289073 0.09580128]
0.98261432118989
0.9826336768234235
[0.42672636 0.09524417]
0.9825955423551135
0.9826225345077264
[0.42672636 0.09524417]
0.9826439319244296
0.9826174845212701
[0.42115281 0.09438525]
0.9826633795797057
0.9826796884589115
[0.41718441 0.09455943]
0.9826723564424719
[0.41718441 0.09455943]
0.982724396219175
0.9827576432138503
[0.40088728 0.0936194 ]
0.9826837362325135
[0.40088728 0.0936194 ]
0.9827782069662949
0.9828069395290344
[0.37665334 0.09302772]
0.9828669929222774
0.9824996026894717
[0.37107978 0.09216879]
0.9822786340228965
0.9828160404941577
[0.37107978 0.09216879]
0.9828138740211693
0.9828400046109161
[0.37107978 0.09216879]
0.9828444923581517
[0.37107978 0.09216879]
0.9826076218644096
0.9828639513754078
[0.37107978 0.09216879]
0.9828405315952757
0.98286823064733
[0.36839995 0.09182948]
0.9828523627368951
0.9828684839246336
[0.37191121 0.0920698 ]
0.9828690722643517
0.9828656073178372
[0.36923137 0.09173048]
0.9828657868156153
0.9828696989012244
[0.36948562 0.09186481]
0.9828623081308447
0.9828697122450335
[0.37063485 0.09193372]
0.982868883193965
0.9828696734955958
[0.37063485 0.09193372]
0.9828696175502569
0.9828698236169692
[0.36985302 0.09185707]
0.9828693535596076
0.9828698484649644
[0.36986478 0.0918801 ]
0.9828693853727756
0.9828698446583816
[0.36986478 0.0918801 ]
0.9828698384125356
0.9828698586595519
[0.37015723 0.0919074 ]
0.98286981988453
0.9828698627751228
[0.37012894 0.09189745]
0.9828698062255805
0.9828698651354706
[0.37000393 0.09189126]
0.9828698611051228
0.982869862598501
[0.37000393 0.09189126]
0.9828698650229067
[0.37000393 0.09189126]
0.9828698640231482
0.9828698651363906
[0.37002235 0.09189538]
0.9828698651363906
Phase:  [-3.14418725  1.82804578  1.82825496  1.82806834]
Final Fidelity:  0.9828698651363906
Final Params:  [0.37002235 0.09189538]
