Optimizing ARP for b =  170.0
Optimizing Delta, T, and phases
0.8305036005108345
0.8454822256716863
0.8129040854976652
0.8593095746906875
0.876111502191993
[0.5423375 0.1999998]
0.8838618217901666
0.8979400190047907
[0.59909375 0.1888887 ]
0.9084246721941929
0.9128351210279363
[0.65269687 0.13888875]
0.9097542350258774
[0.65269687 0.13888875]
0.9094115594581695
0.9075707407649691
0.9115352562929595
0.909790964183866
[0.65269687 0.13888875]
0.9090270467366233
0.9123282004243966
[0.65269687 0.13888875]
0.9114895304182774
0.9123446921552195
[0.65269687 0.13888875]
0.9120789268902085
0.9126457553441263
[0.65269687 0.13888875]
0.9129930378929068
0.9129794145949024
[0.64008437 0.1444443 ]
0.9133038834564884
0.9137064743595249
[0.63377812 0.13611097]
0.9137236559656302
0.9139448285679186
[0.6054     0.14305541]
0.915709474806381
0.9205748934313285
[0.57859844 0.12986098]
0.918335477160947
[0.57859844 0.12986098]
0.9401066129978074
0.9588651036301294
[0.48242813 0.11388877]
0.9640186406478386
0.981411794270969
[0.49109922 0.0920138 ]
0.9402431759637202
0.9834166570518746
[0.44084629 0.08949644]
0.9677292825489826
0.9789474605486982
[0.44084629 0.08949644]
0.9809468292597796
0.9831743112745046
[0.44084629 0.08949644]
0.9836406502990913
0.9809318209307873
[0.41983367 0.09402117]
0.9830598563386531
0.9838299202740415
[0.45021329 0.09414867]
0.9834188795626386
0.9836204234712542
[0.45021329 0.09414867]
0.9839485266332655
0.9834166570518746
[0.43793488 0.09179068]
0.9829332778150237
0.9839380231163585
[0.43793488 0.09179068]
0.9841021663020845
0.9841180925627606
[0.40440656 0.08963182]
0.9840704313665098
[0.40440656 0.08963182]
0.9789278559469713
0.9840636418577614
[0.40440656 0.08963182]
0.9833809525856443
0.9841056582561961
[0.40440656 0.08963182]
0.9840329243292251
0.9841084763241043
[0.40440656 0.08963182]
0.984048379222156
0.984126304752911
[0.41113073 0.08936272]
0.9841034062811378
0.9841259170899017
[0.41113073 0.08936272]
0.9840602115105922
0.9841323963112484
[0.40721371 0.08943807]
0.9841368236300608
0.9841367353281201
[0.40943346 0.08967488]
0.9841240487572204
0.9841333318073955
[0.40943346 0.08967488]
0.984132127314302
0.9841348475733037
[0.40943346 0.08967488]
0.9841355800548446
[0.40943346 0.08967488]
0.9841365217589645
[0.40943346 0.08967488]
0.9841373266313388
0.9841361062860502
[0.41046991 0.0898471 ]
0.9841345421162887
0.9841373274220786
[0.40954573 0.08982557]
0.9841369390588097
0.984137345334257
[0.410295   0.08991706]
0.9841368159999185
0.9841374469374911
[0.41019514 0.08985921]
0.984137095813542
0.9841374289284083
[0.41019514 0.08985921]
0.9841374112710733
0.9841374510474773
[0.4099204  0.08982851]
0.9841374098983853
0.9841374543596981
[0.40997658 0.08985036]
0.9841374076391243
0.9841374601786408
[0.41007181 0.08984932]
0.9841374461674818
0.984137457721967
[0.41007181 0.08984932]
0.9841374601786408
Phase:  [2.35735796 1.41832289 1.41829996 1.41857982]
Final Fidelity:  0.9841374601786408
Final Params:  [0.41007181 0.08984932]
