Optimizing ARP for b =  200.0
Optimizing Delta, T, and phases
0.8258454863514031
0.84138131860568
0.8075108784954419
0.8558595730775989
0.87348983008647
[0.5423375 0.1999998]
0.8816335778446447
0.8965752911817126
[0.59909375 0.1888887 ]
0.9078767642778495
0.9130170534500632
[0.65269687 0.13888875]
0.9101263361424882
[0.65269687 0.13888875]
0.9099878664809945
0.9080209913982151
0.9118347152831634
0.9094060806588415
[0.65269687 0.13888875]
0.9094734461020108
0.911578726679878
[0.65269687 0.13888875]
0.9123256020226944
[0.65269687 0.13888875]
0.9112516815684605
0.9125564869914802
[0.65269687 0.13888875]
0.9124170951232613
0.9125963052258067
[0.65269687 0.13888875]
0.9132141087666075
0.9138057934737076
[0.64639062 0.13055542]
0.9138774221008028
0.9143295729929481
[0.6180125  0.13749986]
0.9169452674654706
0.9226118949163846
[0.59121094 0.12430543]
0.9220055333479795
[0.59121094 0.12430543]
0.9381684517627916
0.9668318540016716
[0.49504062 0.10833323]
0.9717713314065871
0.9761635387745211
[0.50371172 0.08645825]
0.9480823525144529
0.9836083016891279
[0.45345879 0.08394089]
0.9822659810982783
[0.45345879 0.08394089]
0.9708274983123628
0.983032126914795
[0.45345879 0.08394089]
0.9816678362595419
0.9645759971443676
0.9836476686220003
0.9633567243231802
[0.46710591 0.08183586]
0.9834563421843863
0.9817306242212387
0.9836906188714726
0.9754565441529905
[0.46028235 0.08288837]
0.9812701565853982
0.9821638778174128
[0.46028235 0.08288837]
0.9814813430844744
0.9831958198759055
[0.46028235 0.08288837]
0.9831588275174404
0.9835495281329123
[0.46028235 0.08288837]
0.9835670484456044
0.9836628524779744
[0.46028235 0.08288837]
0.9837281420787545
0.9837335156525929
[0.45163627 0.08374066]
0.9835894857585707
0.9837184717881201
[0.45163627 0.08374066]
0.9837757765704549
0.9838145889161736
[0.44657148 0.08386004]
0.9838445207468581
0.9839396692979958
[0.42773594 0.08603332]
0.9840008348522796
0.9840592698475814
[0.40818858 0.08735872]
0.9837855254301877
0.9839193287096365
[0.40818858 0.08735872]
0.9840868173103057
0.9837855263966985
[0.40365765 0.08811401]
0.9835454843939139
0.9840542632433504
[0.40365765 0.08811401]
0.9839370865459653
0.9840813359641036
[0.40365765 0.08811401]
0.9841179421732223
0.9841366083920621
[0.4061738  0.08841949]
0.9840617943810706
0.984104885452319
[0.4061738  0.08841949]
0.9841302759427778
[0.4061738  0.08841949]
0.9841597118224018
0.9841738878635711
[0.4089619 0.0891931]
0.9841504711098039
[0.4089619 0.0891931]
0.9841421621991598
0.9841644044474552
[0.4089619 0.0891931]
0.9841785167368762
0.9841628834619225
[0.41147805 0.08949857]
0.9841484238852407
0.9841767946577437
[0.41147805 0.08949857]
0.9841800795657039
0.9841744209740666
[0.41112097 0.08989035]
0.9841766761598836
0.9841798871561923
[0.41112097 0.08989035]
0.9841726431136952
0.9841805265455715
[0.41100731 0.08963179]
0.9841806212070008
0.9841793877486276
[0.41217611 0.08988247]
0.984179362117181
0.984180793142332
[0.41135634 0.08982374]
0.9841788601446337
0.9841809104564364
[0.41138677 0.08974245]
0.9841805809025403
0.9841808405787459
[0.41138677 0.08974245]
0.9841807739662364
0.9841808893613343
[0.41138677 0.08974245]
0.9841808579855764
0.9841809136187524
[0.4112544 0.0897447]
0.9841807626063762
0.9841809264191498
[0.41139445 0.08977462]
0.9841808981656471
0.9841809239583307
[0.41139445 0.08977462]
0.9841809261369145
[0.41139445 0.08977462]
0.9841809000873659
0.9841809281876923
[0.41140033 0.08976443]
0.9841809281876923
Phase:  [2.32456227 1.40275712 1.40314952 1.40320411]
Final Fidelity:  0.9841809281876923
Final Params:  [0.41140033 0.08976443]
