Optimizing ARP for b =  130.0
Optimizing Delta, T, and phases
0.839196253820955
0.8530828059019653
0.8230076664402773
0.8656730999482729
0.8809012254046955
[0.5423375 0.1999998]
0.887896916030183
0.9003509881661049
[0.59909375 0.1888887 ]
0.9093247238067468
0.9124090013145794
[0.65269687 0.13888875]
0.9090012913227735
[0.65269687 0.13888875]
0.9083228293978103
0.9066946023310539
0.9109032662740628
0.9103906155491118
[0.65269687 0.13888875]
0.908153944577596
0.9122324043697843
[0.65269687 0.13888875]
0.9118217646076223
0.9124955622225366
[0.63377812 0.14999985]
0.9129368169074537
0.9133022528145093
[0.63693125 0.1333332 ]
0.9134337035652935
0.913499618170166
[0.60067031 0.14722207]
0.9164991252950087
0.9240698227475218
[0.58884609 0.12083321]
0.9200435027215088
[0.58884609 0.12083321]
0.9464834315862554
0.9767188105095157
[0.51080625 0.0888888 ]
0.9827442574748882
0.9276129078357901
[0.54706719 0.07499992]
0.8898193558053837
0.9583852174028673
[0.54706719 0.07499992]
0.9822479464949765
[0.54706719 0.07499992]
0.9361692818535845
0.9828989709662929
[0.51691543 0.07881937]
0.9695407342626804
0.9755375220646895
0.9829412892966615
0.9744151394460911
[0.53199131 0.07690965]
0.9667175176402181
0.9796641621550333
[0.53199131 0.07690965]
0.9753071321316683
0.9822130226938998
[0.53199131 0.07690965]
0.9808179988261447
0.9828871854749107
[0.53199131 0.07690965]
0.9823079315544825
0.9830078488892555
[0.52342183 0.0774142 ]
0.9827339637187266
0.9829903360754305
[0.52342183 0.0774142 ]
0.9830902342598281
0.9831588689779029
[0.50461663 0.07928798]
0.9831351593968358
[0.50461663 0.07928798]
0.9833138403258315
0.9834412149888927
[0.46867246 0.08217087]
0.9832848472300579
[0.46867246 0.08217087]
0.983690090108299
0.9839114236507832
[0.39511789 0.08880132]
0.9838623646867702
[0.39511789 0.08880132]
0.9715703597596429
0.9837215683215433
[0.39511789 0.08880132]
0.9813472820978805
0.9838961875666797
[0.39511789 0.08880132]
0.9839205328605946
0.9837732216761819
[0.41281227 0.08750398]
0.9839199074312996
[0.41281227 0.08750398]
0.9839439678436043
0.9837690770627341
[0.41170144 0.08808042]
0.9836008261772671
0.984001914261887
[0.40313196 0.08858498]
0.9840238113830024
0.9839588012514316
[0.40202113 0.08916142]
0.9839080114574213
0.9839969506287166
[0.40202113 0.08916142]
0.9839886219340388
0.9840109393075336
[0.40202113 0.08916142]
0.9840332494148519
0.9840408764492874
[0.40405443 0.08958468]
0.9840165192398936
0.9840323370069517
[0.40405443 0.08958468]
0.9840361435386483
[0.40405443 0.08958468]
0.9840459404618918
0.9840463536604537
[0.40806769 0.09015088]
0.9840387232150876
0.9840445350579613
[0.40806769 0.09015088]
0.9840411735777079
0.9840448574943886
[0.40806769 0.09015088]
0.9840402091553352
0.9840460585754639
[0.40806769 0.09015088]
0.9840467494681276
0.9840451090385054
[0.40662876 0.08996492]
0.9840450076698343
0.9840467390641969
[0.40662876 0.08996492]
0.9840460178694236
0.9840467869271402
[0.40758993 0.09006536]
0.9840464786166793
0.984046872685324
[0.40735246 0.09000495]
0.984046346766134
0.9840468761364279
[0.40704998 0.09000004]
0.9840467992429283
0.9840468701800019
[0.40704998 0.09000004]
0.9840468629690706
0.9840468866471052
[0.40710404 0.08998678]
0.984046820715501
0.9840468896679907
[0.40721473 0.08999918]
0.9840468656879624
0.984046888804661
[0.40721473 0.08999918]
0.9840468880172689
0.9840468901091016
[0.40718754 0.09000338]
0.9840468901091016
Phase:  [2.42235022 1.44941646 1.44940607 1.44966036]
Final Fidelity:  0.9840468901091016
Final Params:  [0.40718754 0.09000338]
