Optimizing ARP for b =  130.0
Optimizing Delta, T, and phases
0.8716946471332367
0.8839333304704383
0.8569968681328012
0.8961654452970236
0.9112171507454752
[0.5423375 0.1999998]
0.9184488366212753
0.9329644910320365
[0.59909375 0.1888887 ]
0.9458714358153925
0.9575186021928201
[0.65269687 0.13888875]
0.9603814794980612
0.9684737302887352
[0.79301094 0.09166657]
0.9871375921603335
0.9397986894534296
[0.84661406 0.04166662]
0.9397986532461134
0.9647297286730089
[0.84661406 0.04166662]
0.9750044180957668
[0.84661406 0.04166662]
0.939798676169462
0.9929418718269675
[0.83400156 0.06388882]
0.9796934009391564
0.9939925157201022
[0.80877656 0.06388882]
0.9734158436961037
0.9931088238175585
[0.80877656 0.06388882]
0.9938361603896132
[0.80877656 0.06388882]
0.9946136779015049
0.9929835437273583
[0.78355156 0.06388882]
0.978674957954907
0.9945640500938896
[0.78355156 0.06388882]
0.9947813064978497
0.9944946997985801
[0.77724531 0.05833327]
0.9948465408661493
0.9948101293330184
[0.75832656 0.06388882]
0.994865510511513
0.9946988161169457
[0.75202031 0.05833327]
0.9947100414374159
0.9948684454971959
[0.76620937 0.05972216]
0.994468206623872
0.9948550839087408
[0.76620937 0.05972216]
0.9946820191779543
0.9948647823591535
[0.76620937 0.05972216]
0.9948241731636212
0.9948700396132093
[0.75901631 0.05963536]
0.9948582847038379
0.9948703831490638
[0.75731658 0.05900602]
0.9948687270420021
0.9948700548279855
[0.75731658 0.05900602]
0.9948680284141819
0.9948705613461578
[0.75737354 0.05934917]
0.9948701911889297
0.9948707235606985
[0.7589451  0.05920642]
0.9948704504376548
0.9948707616334561
[0.75858069 0.05941368]
0.9948705569013241
0.9948708260378962
[0.75806822 0.05932961]
0.9948697511465507
0.9948709083437051
[0.75863478 0.05928903]
0.9948708647636627
[0.75863478 0.05928903]
0.99487065151638
0.9948708979855705
[0.75863478 0.05928903]
0.9948708731382416
0.9948708991083698
[0.75863478 0.05928903]
0.9948709162290877
0.9948709119743178
[0.75899387 0.05933125]
0.9948708859247994
0.9948709117704868
[0.75899387 0.05933125]
0.9948709130547029
[0.75899387 0.05933125]
0.994870915955926
[0.75899387 0.05933125]
0.9948709116766685
0.9948709164643924
[0.75911545 0.05935745]
0.9948709123648514
0.9948709165354743
[0.7592038  0.05935891]
0.9948709139389168
0.9948709172418967
[0.75907675 0.05934471]
0.9948709161039814
0.9948709173162277
[0.75912786 0.05935463]
0.9948709173162277
Phase:  [ 1.34551125 -1.03973858 -1.03983338 -1.03976256 -1.03980211]
Final Fidelity:  0.9948709173162277
Final Params:  [0.75912786 0.05935463]
