Optimizing ARP for b =  150.0
Optimizing Delta, T, and phases
0.8671606256789854
0.8797888731818345
0.8518612152227625
0.8925808339414092
0.9082991329388828
[0.5423375 0.1999998]
0.9158124928883048
0.9310223116902101
[0.59909375 0.1888887 ]
0.9446401241644555
0.9569439756087326
[0.65269687 0.13888875]
0.9600034598154323
0.9683758083135718
[0.79301094 0.09166657]
0.9870500009788218
0.9397986893594059
[0.84661406 0.04166662]
0.9397986532461134
0.964571814510862
[0.84661406 0.04166662]
0.9752626286024947
[0.84661406 0.04166662]
0.939798695425339
0.9929283760910453
[0.83400156 0.06388882]
0.9797930718093512
0.9939859732072319
[0.80877656 0.06388882]
0.9733149662177558
0.9930448735867221
[0.80877656 0.06388882]
0.9937764366094073
[0.80877656 0.06388882]
0.9946107942297875
0.9929490890832148
[0.78355156 0.06388882]
0.9787851163371233
0.9945786923773959
[0.78355156 0.06388882]
0.9947887636757732
0.9944935008653769
[0.77724531 0.05833327]
0.9948446130955995
0.9948064267902212
[0.75832656 0.06388882]
0.9948663650761009
0.9946931042582603
[0.75202031 0.05833327]
0.9947066370151385
0.9948683819288693
[0.76620937 0.05972216]
0.9944410047197523
0.9948518281416688
[0.76620937 0.05972216]
0.9946888960249362
0.9948618047324118
[0.76620937 0.05972216]
0.9948290402932101
0.9948681377357214
[0.76620937 0.05972216]
0.9948584173004433
0.9948698673318099
[0.75731658 0.05900602]
0.9948650976053246
0.9948697017050676
[0.75731658 0.05900602]
0.9948689735063018
0.9948695499204268
[0.75731658 0.05900602]
0.9948697538920543
[0.75731658 0.05900602]
0.9948691011052478
0.9948699363772942
[0.76015678 0.05937325]
0.9948697363511729
0.9948699501423672
[0.76063396 0.05933857]
0.9948696237579293
0.9948699759800754
[0.75885597 0.05918096]
0.9948698732534482
0.9948699731668411
[0.75885597 0.05918096]
0.9948699577465291
0.9948699766508434
[0.75878815 0.05920382]
0.994869928835802
0.9948699821235216
[0.75938647 0.05925445]
0.9948699661470444
0.9948699806370624
[0.75938647 0.05925445]
0.9948699818676817
[0.75938647 0.05925445]
0.9948699769223551
0.994869984158186
[0.75922493 0.05923006]
0.9948699778456002
0.9948699837357343
[0.75922493 0.05923006]
0.9948699818431374
0.9948699835723632
[0.75922493 0.05923006]
0.9948699826386586
0.9948699832973165
0.9948699823003447
0.9948699825506363
[0.75922493 0.05923006]
0.9948699823038604
0.9948699833201625
[0.75922493 0.05923006]
0.994869984158186
Phase:  [ 1.32458323 -1.04498257 -1.04507608 -1.04500784 -1.04508098]
Final Fidelity:  0.994869984158186
Final Params:  [0.75922493 0.05923006]
