Optimizing ARP for b =  90.0
Optimizing Delta, T, and phases
0.8850056571598468
0.8960161457537898
0.8721176107744603
0.9065796528270886
0.9196594471043014
[0.5423375 0.1999998]
0.9260411382955281
0.9385279796554942
[0.59909375 0.1888887 ]
0.9494037906142194
0.9591832735058032
[0.65269687 0.13888875]
0.9614928820609713
0.9687851273587773
[0.79301094 0.09166657]
0.9874340148272864
0.9397987055815404
[0.84661406 0.04166662]
0.9397986532461134
0.9652091520727724
[0.84661406 0.04166662]
0.9741908617725705
[0.84661406 0.04166662]
0.939798691295008
0.9929726858334644
[0.83400156 0.06388882]
0.9794154830659882
0.9940056466753475
[0.80877656 0.06388882]
0.9737438717475378
0.9933428846665083
[0.80877656 0.06388882]
0.9940399559983505
0.9920385458155365
[0.80877656 0.05277772]
0.9946190767064358
0.993095974425345
[0.78355156 0.06388882]
0.9945711708242928
[0.78355156 0.06388882]
0.9948525163734445
0.9942634546452567
[0.75832656 0.06388882]
0.9826331755082247
0.9947556294267269
[0.75832656 0.06388882]
0.9948611735022143
0.9947292915282772
[0.75202031 0.05833327]
0.994724178704172
0.9948664809670786
[0.76620937 0.05972216]
0.9945678085790722
0.9948653999399759
[0.76620937 0.05972216]
0.9948248651733571
0.9948742149655182
[0.75724268 0.05946175]
0.9947746158297035
0.9948725207131629
[0.75724268 0.05946175]
0.9948584332980693
0.9948730660300655
[0.75724268 0.05946175]
0.9948612431548709
0.994874092768349
[0.75724268 0.05946175]
0.9948730056799182
0.994874095468814
[0.75724268 0.05946175]
0.9948719558022934
0.994874363372339
[0.75946982 0.05986602]
0.9948743494713145
[0.75946982 0.05986602]
0.9948740973995742
0.9948743858156629
[0.75752784 0.05957496]
0.9948741794676043
0.994874407101575
[0.75732751 0.0596154 ]
0.9948741918399225
0.9948744122510312
[0.75844875 0.0597306 ]
0.9948743734947151
0.9948744106159028
[0.75844875 0.0597306 ]
0.9948743959630262
0.9948744154513814
[0.75770294 0.05964635]
0.9948744050362778
0.9948744162076025
[0.75789191 0.05965623]
0.9948744001918224
0.9948744149705482
[0.75789191 0.05965623]
0.9948744108279033
0.9948744170701649
[0.75796026 0.05967112]
0.9948744142342852
0.9948744165583068
[0.75796026 0.05967112]
0.9948744162296231
0.9948744166266525
[0.75796026 0.05967112]
0.9948744166893302
[0.75796026 0.05967112]
0.9948744170701649
Phase:  [ 1.40834212 -1.02397724 -1.02407852 -1.02371152 -1.02409295]
Final Fidelity:  0.9948744170701649
Final Params:  [0.75796026 0.05967112]
