Optimizing ARP for b =  30.0
Optimizing Delta, T, and phases
0.9323037024103459
0.9380868730055338
0.9263374744116377
0.9426829744816176
0.9486314052300294
[0.5423375 0.1999998]
0.9518299448571098
0.9573910188234374
[0.59909375 0.1888887 ]
0.9617220521860296
0.9654658491063582
[0.65269687 0.13888875]
0.9659687467243401
0.970756583017689
[0.79301094 0.09166657]
0.9890930305555771
0.9397986834541815
[0.84661406 0.04166662]
0.9397986532461134
0.9671763526096739
[0.84661406 0.04166662]
0.9706192312411296
0.9949700495990307
[0.86159141 0.04861106]
0.9397986547839343
0.9897390572690352
[0.86159141 0.04861106]
0.9698228381621916
0.9949597750555619
[0.86159141 0.04861106]
0.9681045456492847
0.9934766037752017
[0.86159141 0.04861106]
0.9878470103717957
0.9939012082343293
[0.86159141 0.04861106]
0.9933763807900103
0.9946048889616017
[0.86159141 0.04861106]
0.9945880759203981
0.9948681967589488
[0.86159141 0.04861106]
0.9948819450648161
0.9949520756232593
[0.86159141 0.04861106]
0.9949427905269693
0.9949681616764546
[0.86159141 0.04861106]
0.9949270251181811
0.9949711576847989
[0.85108346 0.04945894]
0.9949736462067994
0.9949721423662117
[0.85912062 0.04901881]
0.9949615356400483
0.9949728695030159
[0.85912062 0.04901881]
0.994974956753245
0.9949753280558772
[0.87403409 0.04799779]
0.9949779203595355
0.994980146993327
[0.88303862 0.04767496]
0.994980366777432
0.9949813037106233
[0.91736783 0.0454715 ]
0.9949887175515789
0.9949942156373589
[0.95254149 0.04372411]
0.9949860986533107
[0.95254149 0.04372411]
0.9949829632815328
0.9949950009803079
[0.99587523 0.04119782]
0.9949948295095399
[0.99587523 0.04119782]
0.9950006814702939
0.9949903716869778
[1.00487976 0.04087499]
0.9949235366656267
0.9949990606877581
[1.00487976 0.04087499]
0.9949987850730159
0.995000507490216
[1.00487976 0.04087499]
0.995001972585521
0.9949962302363996
[1.01536153 0.04037761]
0.9949887095361194
0.9950018445552874
[1.01536153 0.04037761]
0.995003344406029
0.9950038326246453
[1.01445589 0.04057726]
0.9950041906023278
0.9950018882627479
[1.02903533 0.03978099]
0.9950053913679445
0.9950045040967723
[1.0281297  0.03998064]
0.9950053627868085
[1.0281297  0.03998064]
0.9950070659074389
0.9950065253665527
[1.04180351 0.03938402]
0.9950008054977096
0.9950067312856047
[1.04180351 0.03938402]
0.9950077797733565
0.9950058268386189
[1.05251168 0.03883673]
0.9950087480003871
0.9950095923570089
[1.06379704 0.03846442]
0.9950076918968588
0.995008919252278
[1.06379704 0.03846442]
0.9950107951529972
0.9950117880749015
[1.09016687 0.03744896]
0.9950112351872945
[1.09016687 0.03744896]
0.9950132882326238
0.9950094556494299
[1.11400396 0.03661407]
0.9950097423006368
0.9950123325726807
[1.11400396 0.03661407]
0.995014062197578
0.9950147975789969
[1.13296185 0.03601896]
0.9950109144891673
0.9950134423232077
[1.13296185 0.03601896]
0.9950146025553845
[1.13296185 0.03601896]
0.9950157286146949
0.9950146692185537
[1.15191974 0.03542386]
0.9950140137549912
0.9950151442477354
[1.15191974 0.03542386]
0.9950161478814555
0.9950166607167501
[1.16488342 0.03506023]
0.9950159520596427
[1.16488342 0.03506023]
0.9950166058263581
[1.16488342 0.03506023]
0.9950172989268303
0.9950168563530127
[1.17784711 0.0346966 ]
0.9950156077596508
0.9950171749486779
[1.17784711 0.0346966 ]
0.9950177430062087
0.9950176992436292
[1.19588724 0.03414835]
0.9950178225964258
0.9950178051163215
[1.1908108  0.03433297]
0.9950181420869749
0.9950177447449728
[1.20885093 0.03378473]
0.9950183107839524
0.9950183143439096
[1.20771811 0.03387984]
0.9950187897354683
0.9950184252386823
[1.22575824 0.03333159]
0.9950187776106851
[1.22575824 0.03333159]
0.9950192167241035
0.9950184222064478
[1.24266555 0.03287846]
0.9950171437385495
0.9950191550711202
[1.24266555 0.03287846]
0.99501962160735
0.9950198944937344
[1.25660983 0.03255331]
0.9950197562702475
[1.25660983 0.03255331]
0.9950204606216869
0.9950208321542852
[1.30436873 0.03132189]
0.9950203417834348
[1.30436873 0.03132189]
0.9950214271599024
0.9950212815309599
[1.33888074 0.03047787]
0.9950202909999558
0.9950209104069487
[1.33888074 0.03047787]
0.9950214540597672
0.9950216062070617
[1.35914358 0.03002992]
0.9950220668540696
0.9950220635211083
[1.39165103 0.02920321]
0.9950223110807217
0.9950225673856269
[1.44843043 0.02789394]
0.9950228576141333
0.995023094696775
[1.54183504 0.02558588]
0.9950153090940818
0.9950225754951584
[1.54183504 0.02558588]
0.9950231909766478
0.9950225456450978
[1.53679649 0.0256635 ]
0.9950016065285985
0.9950228370708207
[1.53679649 0.0256635 ]
0.9950208163133868
0.9950230536467495
[1.53679649 0.0256635 ]
0.9950228329252108
0.9950231592932081
[1.53679649 0.0256635 ]
0.9950227748728901
0.9950231971781472
[1.53694796 0.02568833]
0.9950232445461314
0.9950232244905296
[1.54641917 0.02543378]
0.9950231215285477
0.9950232213256134
[1.54641917 0.02543378]
0.9950232678772871
0.9950232905150979
[1.55459288 0.02519243]
0.9950233007551118
0.9950232231049414
[1.56177202 0.02501393]
0.9950233417490069
0.9950232876529272
[1.56994573 0.02477258]
0.995023221624205
0.9950233143956734
[1.56994573 0.02477258]
0.9950233497128463
0.9950233591401452
[1.57171336 0.02469527]
0.9950233742665104
0.9950232479438301
[1.58143321 0.024425  ]
0.9950234061637965
0.9950234192349828
[1.5898284  0.02413525]
0.9950231559201352
0.995023389137035
[1.5898284  0.02413525]
0.9950234085564014
[1.5898284  0.02413525]
0.9950234228375896
0.9950231432184211
[1.5982236  0.02384551]
0.9950232944271262
0.995023432024123
[1.59054664 0.02409416]
0.9950234472889082
0.9950234249746772
[1.59894183 0.02380441]
0.9950234256186942
0.9950234395195208
[1.59894183 0.02380441]
0.9950234464455626
[1.59894183 0.02380441]
0.9950233088579745
0.9950234512666073
[1.59658767 0.02387955]
0.9950234437666268
0.9950234502773658
[1.59658767 0.02387955]
0.9950234544974339
0.9950234506691727
[1.59722809 0.02385185]
0.9950234419589907
0.9950234549002266
[1.59824506 0.0238212 ]
0.9950234577315311
0.995023460346161
[1.60003439 0.02375047]
0.9950234534795962
0.9950234568717297
[1.60003439 0.02375047]
0.995023462232205
0.995023465816098
[1.60083731 0.02371156]
0.995023466057598
0.9950234624817637
[1.60268779 0.02364319]
0.995023467390505
0.9950234727849264
[1.60521889 0.02353118]
0.9950234613672024
0.9950234681418698
[1.60521889 0.02353118]
0.9950234764113931
0.995023480920426
[1.60604573 0.02348445]
0.9950234722660638
0.995023477015761
[1.60604573 0.02348445]
0.995023484421484
0.995023485129342
[1.60950703 0.02331987]
0.9950234898762048
0.9950234937695851
[1.60882754 0.02333241]
0.9950234871475047
[1.60882754 0.02333241]
0.9950234990964838
0.9950235032651082
[1.6126605  0.02311062]
0.9950234848456646
0.9950234960043195
[1.6126605  0.02311062]
0.9950234729457978
0.9950234988340072
[1.6126605  0.02311062]
0.9950235028004379
[1.6126605  0.02311062]
0.9950235057497947
0.9950234993841045
[1.61380458 0.02302657]
0.995023495947487
0.9950235053521829
[1.61380458 0.02302657]
0.9950235099286934
0.9950235105967901
[1.61401182 0.02298891]
0.9950235069968236
[1.61401182 0.02298891]
0.9950235123720209
0.9950235092016693
[1.61560634 0.02286429]
0.99502351190656
[1.61560634 0.02286429]
0.9950235169901597
0.9950235101789755
[1.61581359 0.02282664]
0.9950234913143008
0.995023515049828
[1.61581359 0.02282664]
0.9950235163495058
[1.61581359 0.02282664]
0.9950235177757796
0.9950235170774767
[1.61602083 0.02278898]
0.9950235105417503
0.9950235178468958
[1.61554449 0.02283426]
0.9950235169217803
0.9950235180798257
[1.61579812 0.02281913]
0.9950235168290081
0.9950235188159593
[1.61584607 0.02280784]
0.9950235169687115
0.9950235182514241
[1.61584607 0.02280784]
0.9950235183173141
[1.61584607 0.02280784]
0.9950235188974438
0.9950235191201643
[1.61599938 0.02278288]
0.9950235188597839
[1.61599938 0.02278288]
0.9950235197506088
0.9950235190489211
[1.61626752 0.02275319]
0.9950235201039304
0.9950235205677274
[1.61617192 0.02274783]
0.9950235199683984
[1.61617192 0.02274783]
0.995023520829637
0.9950235222778409
[1.61638294 0.02269256]
0.995023519279344
0.9950235206929201
[1.61638294 0.02269256]
0.9950235228795931
0.9950235219621187
[1.61656977 0.02266389]
0.9950235228721563
[1.61656977 0.02266389]
0.9950235232256956
0.9950235221144859
[1.61678079 0.02260863]
0.9950235225688736
0.9950235222768793
0.9950235232646865
0.9950235207723055
[1.61667528 0.02263626]
0.9950235228407089
0.9950235231772797
[1.61667528 0.02263626]
0.9950235244026614
0.9950235230019703
[1.61670771 0.0226227 ]
0.9950235244026614
Phase:  [ 0.42475544  3.60464066 -2.67863143 -2.67857519 -2.67857047]
Final Fidelity:  0.9950235244026614
Final Params:  [1.61670771 0.0226227 ]
