Optimizing ARP for b =  70.0
Optimizing Delta, T, and phases
0.8952942430634496
0.9052721605992882
0.8838451385032182
0.9145259856842893
0.9260690779078556
[0.5423375 0.1999998]
0.9317742947036046
0.9427080414604871
[0.59909375 0.1888887 ]
0.9520717842810567
0.9604657324620116
[0.65269687 0.13888875]
0.9623691014553495
0.9690648479437112
[0.79301094 0.09166657]
0.987709062827516
0.9397986857960938
[0.84661406 0.04166662]
0.9397986532461134
0.9656018445009386
[0.84661406 0.04166662]
0.9735014378921344
[0.84661406 0.04166662]
0.9397987058193507
0.9929821521993141
[0.83400156 0.06388882]
0.9792568310791145
0.9940061352921149
[0.80877656 0.06388882]
0.9740324668623284
0.9935705579391814
[0.80877656 0.06388882]
0.9942224255190414
0.9920234227148751
[0.80877656 0.05277772]
0.9946183502778883
0.9931945145433657
[0.78355156 0.06388882]
0.994687439760251
0.9900226165228386
[0.78355156 0.05277772]
0.9948572359836169
0.994314776915013
[0.75832656 0.06388882]
0.9949047759362953
0.9873639934685607
[0.75832656 0.05277772]
0.9947406060312345
0.9948343445326109
[0.75832656 0.05277772]
0.994453706916719
0.994876953363271
[0.75832656 0.05277772]
0.9909501856503657
0.9948779852173437
[0.75832656 0.05277772]
0.9948323323588086
0.9948346244992161
0.9946644370249642
0.9946651722143118
[0.75832656 0.05277772]
0.9949121736897691
0.9940839712353585
[0.75596172 0.05260411]
0.9923688883386396
0.994660776420666
0.9949112684170256
0.9946730548911871
[0.75596172 0.05260411]
0.9943103165633632
0.9948170733798334
[0.75596172 0.05260411]
0.9947836483091954
0.9948822535789784
[0.75596172 0.05260411]
0.994885570043315
0.9949073821117623
[0.75596172 0.05260411]
0.9949031774921747
0.9949118670011635
[0.75596172 0.05260411]
0.9949048660739973
0.9949126333919263
[0.75671613 0.05263056]
0.9949117135680611
0.9949123961886326
[0.75671613 0.05263056]
0.9949129513869822
0.9949129993088516
[0.75786583 0.05260284]
0.9949115419858756
0.9949128372260901
[0.75786583 0.05260284]
0.9949133803870477
0.9949137523661254
[0.75869227 0.05253828]
0.9949136146856753
[0.75869227 0.05253828]
0.99491454145893
0.9949152960764387
[0.76181811 0.05241827]
0.9949149131941231
[0.76181811 0.05241827]
0.9949165815449776
0.9949178937918739
[0.76659683 0.05216914]
0.9949182532087255
0.9949195975278255
[0.77095015 0.05205674]
0.9949224330285245
0.9949256490437095
[0.78268424 0.05150228]
0.9949272356074299
0.9949311264278319
[0.79725794 0.05100025]
0.9949369129068355
0.9949435084239828
[0.82801297 0.0496403 ]
0.9949491352512505
0.9949583030955355
[0.87253787 0.04795626]
0.9949667170097972
0.9949793420338178
[0.95631039 0.04439436]
0.994973258420459
[0.95631039 0.04439436]
0.9949416777308776
0.994972329670583
[0.95631039 0.04439436]
0.9949710595517338
0.9949773784221893
[0.95631039 0.04439436]
0.9949654999844394
0.9949789848458712
[0.95631039 0.04439436]
0.9949822794961554
0.9949837016569292
[0.99660428 0.04271052]
0.9949832205413425
[0.99660428 0.04271052]
0.9949872256484675
0.9949860110592523
[1.0156973  0.04180395]
0.9949775755470123
0.9949855517465879
[1.0156973  0.04180395]
0.9949890347861141
0.9949906234892434
[1.01650303 0.04159367]
0.9949925936881829
0.9949949458844689
[1.0667463  0.03935141]
0.9949984242542157
0.9950011661948459
[1.0934794  0.03780971]
0.9950008690113712
[1.0934794  0.03780971]
0.9949210936821614
0.9950013330653625
[1.09267367 0.03801999]
0.9949945447449529
0.9950042939583437
[1.1183996  0.03674115]
0.995003949910433
[1.1183996  0.03674115]
0.9950049327219237
0.9949892049905324
[1.14331981 0.03567258]
0.9949948448021405
0.9950055887790106
[1.12422679 0.03657915]
0.9950071156427568
0.9950068484498125
[1.14914699 0.03551058]
0.9950056434219211
[1.14914699 0.03551058]
0.9950084693568472
0.9950086673615982
[1.17034787 0.03473331]
0.9949929593338893
0.99500768453453
[1.17034787 0.03473331]
0.9950095643225287
0.9950099331633958
[1.17457888 0.03473311]
0.9950091462543409
[1.17457888 0.03473311]
0.9950123691448278
0.9950133997110222
[1.22121165 0.03317836]
0.9950033265022549
0.9950117334359003
[1.22121165 0.03317836]
0.9950084615974305
0.9950114275286341
[1.22121165 0.03317836]
0.9950123942226385
[1.22121165 0.03317836]
0.9950133629341913
[1.22121165 0.03317836]
0.9950145668365967
0.9950144544790984
[1.24346264 0.03253041]
0.9950117107037791
0.9950142045975293
[1.24346264 0.03253041]
0.9950148437030063
0.9950131913389294
[1.26346495 0.03189874]
0.9950155617907276
0.9950160627355032
[1.27796346 0.03155035]
0.9950141009804697
0.9950152123944788
[1.27796346 0.03155035]
0.9950155256039471
[1.27796346 0.03155035]
0.9950165757206053
0.9950172297379768
[1.31014875 0.03073921]
0.9950168882365785
[1.31014875 0.03073921]
0.9950173932626049
0.9950146769295539
[1.34871057 0.02969932]
0.99501821232423
0.9950184475101116
[1.35523842 0.02963686]
0.9950173332171133
0.9950182779119792
[1.35523842 0.02963686]
0.9950189457184269
0.9950184098271346
[1.37941521 0.02907006]
0.995016053825708
0.9950188635148902
[1.37941521 0.02907006]
0.9950193931889806
0.9950194423255235
[1.41380662 0.02819588]
0.9950199883137756
0.9950204033909266
[1.44961857 0.02741292]
0.995019020052204
0.995019771049372
[1.44961857 0.02741292]
0.9950207620561706
0.9950213337037089
[1.53360655 0.02548498]
0.9950214323287694
0.9950212531005315
[1.52536383 0.02572633]
0.9950212262000581
0.9950218764949681
[1.5694185  0.02470202]
0.9950214399538788
[1.5694185  0.02470202]
0.9950209524653165
0.9950216206547681
[1.5694185  0.02470202]
0.9950216600712057
[1.5694185  0.02470202]
0.9950219339776283
0.995022084561083
[1.59382658 0.02405374]
0.9950220391739499
[1.59382658 0.02405374]
0.9950217915892544
0.9950220540794806
[1.59382658 0.02405374]
0.9950216685872404
0.9950221546933606
[1.59968855 0.02394851]
0.995022256390764
0.9950223398860951
[1.61910496 0.02341319]
0.9950220783951308
0.9950221956058983
[1.61910496 0.02341319]
0.9950223663190846
0.9950224605399215
[1.63169785 0.0230237 ]
0.9950218900761454
0.9950222979379888
[1.63169785 0.0230237 ]
0.9950223816807585
[1.63169785 0.0230237 ]
0.9950221748571813
0.9950224074003223
[1.63169785 0.0230237 ]
0.9950223547942438
0.9950224317366655
[1.63169785 0.0230237 ]
0.9950224781633679
0.9950224567698246
[1.63816969 0.02283712]
0.9950225076120646
0.995022523613806
[1.6382556  0.02279235]
0.9950225351292586
0.9950224503218198
[1.64472744 0.02260577]
0.9950225876562909
0.995022620881128
[1.64813518 0.02242294]
0.9950225199807217
0.9950225629580112
[1.64813518 0.02242294]
0.9950225565632967
0.9950225856968927
[1.64813518 0.02242294]
0.9950226546141736
0.995022696399048
[1.65575875 0.02208421]
0.9950226424383393
[1.65575875 0.02208421]
0.9950221562377137
0.9950226638338807
[1.65575875 0.02208421]
0.9950226326227675
0.9950226805328906
[1.65575875 0.02208421]
0.9950226651225793
0.9950226875641659
[1.65575875 0.02208421]
0.9950227104618194
0.9950227207120071
[1.6576571  0.02197545]
0.9950227120455881
[1.6576571  0.02197545]
0.9950227377422033
0.9950227532469539
[1.65849142 0.02187359]
0.9950227478716612
[1.65849142 0.02187359]
0.995022779289733
0.995022761641844
[1.66130065 0.02169463]
0.9950227734993995
[1.66130065 0.02169463]
0.9950227995173783
0.995022746383754
[1.66213497 0.02159277]
0.9950226966316266
0.995022791290256
[1.66213497 0.02159277]
0.9950228157039568
0.9950228271541055
[1.66138382 0.02156146]
0.9950228177504391
[1.66138382 0.02156146]
0.9950228549661612
0.9950228700257903
[1.66230131 0.02132642]
0.9950228327347106
[1.66230131 0.02132642]
0.9950229013929613
0.9950228152704472
[1.6616056  0.02120632]
0.9950227258473362
0.9950228732386397
[1.6616056  0.02120632]
0.9950228973338261
[1.6616056  0.02120632]
0.9950229124799596
0.9950228086120124
[1.66090989 0.02108622]
0.9950228304257015
0.9950229131827897
[1.66094141 0.02119002]
0.995022931256942
0.9950229375217984
[1.65956576 0.02100172]
0.9950229319515486
[1.65956576 0.02100172]
0.9950229478557444
0.9950228432910265
[1.65822162 0.02091722]
0.9950227850948756
0.9950229501682136
[1.65924548 0.02103249]
0.995022970009009
0.9950229791370089
[1.65706914 0.02092113]
0.9950229369204232
0.995022964412577
[1.65706914 0.02092113]
0.9950229846233611
0.9950229541517865
[1.65601313 0.02083565]
0.9950230011238413
0.9950230133696594
[1.65324447 0.02074114]
0.9950229435924643
0.995022994308636
[1.65324447 0.02074114]
0.9950230212146917
0.9950230336051719
[1.6516139  0.02072256]
0.99502303953205
0.9950229735877478
[1.6490094  0.02060893]
0.9950230684923732
0.9950230854494503
[1.64444602 0.02051495]
0.9950229708659334
0.9950230553477412
[1.64444602 0.02051495]
0.9950230790519048
[1.64444602 0.02051495]
0.9950231156174457
0.9950231086435877
[1.63988263 0.02042096]
0.9950230722208288
0.9950230952042995
[1.63988263 0.02042096]
0.9950231224119135
0.9950231390647691
[1.63601073 0.02036371]
0.9950231474588902
0.9950231031262735
[1.63250749 0.02027656]
0.9950231749303773
0.9950231806174599
[1.62301206 0.02011848]
0.9950230560351305
0.9950231594831063
[1.62301206 0.02011848]
0.9950232041609733
0.9950232219916717
[1.61733099 0.02004552]
0.9950231488131562
0.9950231888443599
[1.61733099 0.02004552]
0.9950232154595077
[1.61733099 0.02004552]
0.9950232503803224
0.9950232703433696
[1.60446068 0.01986819]
0.9950232531497988
[1.60446068 0.01986819]
0.9950232958390685
0.9950228856436634
[1.58857404 0.01962804]
0.9950232851203318
[1.58857404 0.01962804]
0.9950229517633566
0.9950232875514121
[1.58857404 0.01962804]
0.9950232771559504
0.9950232930508986
[1.58857404 0.01962804]
0.9950232638188479
0.9950232938518552
[1.58857404 0.01962804]
0.9950232953619538
[1.58857404 0.01962804]
0.9950232951472361
0.9950232974797195
[1.58712949 0.01960007]
0.9950232907157823
0.9950232952995616
0.9950232970859875
0.9950232972380213
[1.58712949 0.01960007]
0.9950232978649463
0.9950232965325245
[1.5879229  0.01960951]
0.9950232982456079
0.9950232966294831
[1.58640721 0.01958609]
0.9950232981608068
[1.58640721 0.01958609]
0.9950232979915712
0.9950232983000801
[1.58624443 0.01958146]
0.9950232937614008
0.9950232980308421
0.9950232982214031
0.9950232981930097
[1.58624443 0.01958146]
0.9950232946301617
0.9950232976891061
0.9950232982640249
0.9950232972999244
[1.58624443 0.01958146]
0.9950232974986585
0.9950232989130288
[1.58615543 0.01958057]
0.995023297665024
0.9950232980580799
0.9950232967091445
0.9950232971192402
[1.58615543 0.01958057]
0.9950232989130288
Phase:  [ 0.35055321  3.55882956 -2.72421336 -2.72419483 -2.72437626]
Final Fidelity:  0.9950232989130288
Final Params:  [1.58615543 0.01958057]
