Optimizing ARP for b =  170.0
Optimizing Delta, T, and phases
0.8635022144619193
0.8764339855601007
0.8477233695654655
0.8896741702837604
0.9059280695068328
[0.5423375 0.1999998]
0.9136655279755508
0.9294360669287356
[0.59909375 0.1888887 ]
0.9436343597976793
0.9564759870900015
[0.65269687 0.13888875]
0.959697351086263
0.9682987855871474
[0.79301094 0.09166657]
0.9869837723301561
0.9397986891927365
[0.84661406 0.04166662]
0.9397986532461134
0.9644457619870307
[0.84661406 0.04166662]
0.9754643926186639
[0.84661406 0.04166662]
0.9397987002180629
0.9929167310432025
[0.83400156 0.06388882]
0.9798730001139617
0.9939801517061637
[0.80877656 0.06388882]
0.973237131554312
0.9929988702389173
[0.80877656 0.06388882]
0.9937319565310464
[0.80877656 0.06388882]
0.9946081903244884
0.9929226289928246
[0.78355156 0.06388882]
0.9788728858665708
0.9945896992995843
[0.78355156 0.06388882]
0.9947943143261202
0.9944942566551226
[0.77724531 0.05833327]
0.9948430991904706
0.9948034840516435
[0.75832656 0.06388882]
0.9948668242192967
0.9946899485751988
[0.75202031 0.05833327]
0.9947043113874696
0.9948681302370406
[0.76620937 0.05972216]
0.994421519497694
0.994849316550921
[0.76620937 0.05972216]
0.9946948593811314
0.9948593879902503
[0.76620937 0.05972216]
0.9948327185378955
0.9948664848257056
[0.76620937 0.05972216]
0.9948605844973069
0.9948687733040043
[0.75906558 0.05933154]
0.9948597305166711
0.9948692135303336
[0.75732889 0.05893006]
0.9948684270522299
0.9948688690599595
[0.75732889 0.05893006]
0.9948677895549944
0.9948690451270094
[0.75732889 0.05893006]
0.9948692633545304
0.9948686606492739
[0.76055053 0.05920201]
0.9948686875416215
0.9948692677447909
[0.75817626 0.05908655]
0.9948692419539773
0.9948692948113763
[0.76038065 0.05925139]
0.9948691374591081
0.9948693066231535
[0.75991449 0.05918549]
0.9948691616923699
0.9948693031805348
[0.75991449 0.05918549]
0.9948693035388919
[0.75991449 0.05918549]
0.9948692956602473
0.9948693099495829
[0.75923352 0.05914427]
0.9948692950801101
0.9948693091015365
[0.75923352 0.05914427]
0.9948692947711159
0.9948693106190303
[0.75954935 0.05916025]
0.9948693091023089
0.9948693106148936
[0.75954935 0.05916025]
0.9948693080096993
0.994869310624175
[0.75938402 0.05915357]
0.9948693102940926
0.99486931042786
0.9948693100618203
0.9948693110851053
[0.75945187 0.05915955]
0.9948693110851053
Phase:  [ 1.30868213 -1.04880416 -1.04851386 -1.0488197  -1.04873864]
Final Fidelity:  0.9948693110851053
Final Params:  [0.75945187 0.05915955]
