Optimizing ARP for b =  110.0
Optimizing Delta, T, and phases
0.8774555638380586
0.8891780203277655
0.863533420902999
0.9006923020657106
0.9148930741627658
[0.5423375 0.1999998]
0.9217608608906835
0.9353964275532503
[0.59909375 0.1888887 ]
0.9474140348298457
0.9582420362723956
[0.65269687 0.13888875]
0.9608612467228512
0.9686033233166815
[0.79301094 0.09166657]
0.9872583252015397
0.939798694208106
[0.84661406 0.04166662]
0.9397986532461134
0.9649338767045432
[0.84661406 0.04166662]
0.9746627615204047
[0.84661406 0.04166662]
0.9397986736860402
0.9929571027753957
[0.83400156 0.06388882]
0.9795684302706978
0.9939994951761352
[0.80877656 0.06388882]
0.9735517066857509
0.9932015497908078
[0.80877656 0.06388882]
0.9939193066281525
[0.80877656 0.06388882]
0.9946166680431526
0.993030102416904
[0.78355156 0.06388882]
0.9785353116192543
0.9945437698830871
[0.78355156 0.06388882]
0.9947708826787667
0.9945003180266282
[0.77724531 0.05833327]
0.994849076855875
0.9948149383207765
[0.75832656 0.06388882]
0.9948639627410583
0.9947093220958628
[0.75202031 0.05833327]
0.9947153247993114
0.9948680443077141
[0.76620937 0.05972216]
0.9945077411752891
0.9948594329651155
[0.76620937 0.05972216]
0.9946745248073925
0.994868471330598
[0.75891777 0.060243  ]
0.9948530908739872
0.9948717535818152
[0.75729194 0.05915793]
0.994859225490773
0.9948718482541119
[0.76215712 0.05971131]
0.9948576942080919
0.994871561658904
[0.76215712 0.05971131]
0.9948680629831106
0.9948722279166752
[0.75952284 0.05963671]
0.9948713757992347
0.9948721619436406
[0.75952284 0.05963671]
0.9948721362901859
0.9948722576570506
[0.75786304 0.05943386]
0.994871858436092
0.9948722735697565
[0.75887945 0.05947563]
0.9948721747774427
0.9948722679237515
[0.75887945 0.05947563]
0.994872245608817
0.9948722754203715
[0.75838815 0.05947227]
0.9948722543529467
0.994872279353325
[0.75879042 0.05950984]
0.9948722393031293
0.9948722808743798
[0.75873437 0.05948334]
0.9948722787295191
0.9948722813698456
[0.75894952 0.05950875]
0.9948722751557404
0.994872281687911
[0.75881618 0.05950294]
0.9948722801443045
0.9948722813246927
[0.75881618 0.05950294]
0.9948722792808236
0.9948722816426322
[0.75881618 0.05950294]
0.9948722812849119
0.9948722823024737
[0.75889024 0.05950516]
0.9948722823024737
Phase:  [ 1.37234736 -1.03286226 -1.03297011 -1.03312997 -1.03286124]
Final Fidelity:  0.9948722823024737
Final Params:  [0.75889024 0.05950516]
