Optimizing ARP for b =  50.0
Optimizing Delta, T, and phases
0.9100165501373771
0.9184033121309122
0.9006868247224189
0.9257738718353274
0.9351003889872436
[0.5423375 0.1999998]
0.9398172649744
0.9485655321603824
[0.59909375 0.1888887 ]
0.9558527581406004
0.9623425444324145
[0.65269687 0.13888875]
0.9636871084010994
0.9695697937311042
[0.79301094 0.09166657]
0.9881841346726854
0.9397986527893616
[0.84661406 0.04166662]
0.9397986532461134
0.9662037178570095
[0.84661406 0.04166662]
0.9724194079447532
[0.84661406 0.04166662]
0.93979867988755
0.992955693857375
[0.83400156 0.06388882]
0.9792726483398515
0.9939803434676072
[0.80877656 0.06388882]
0.9744880848157238
0.9939532524543506
[0.80877656 0.06388882]
0.9945021723368754
0.9920570534167154
[0.80877656 0.05277772]
0.9946034908651176
0.9933495882325312
[0.78355156 0.06388882]
0.9948396781508643
0.990111778823884
[0.78355156 0.05277772]
0.9948625981088732
0.994393094316337
[0.75832656 0.06388882]
0.994911282818728
0.9875291048335312
[0.75832656 0.05277772]
0.994775344909344
0.9945630344994607
0.994826103356912
0.9949133598176709
[0.77093906 0.05277772]
0.990111778823884
0.9946631926126874
0.9949224861291311
0.994631675238963
[0.76463281 0.05277772]
0.9938768967808075
0.9947510343274212
[0.76463281 0.05277772]
0.994724233506136
0.9948537025078295
[0.76463281 0.05277772]
0.9948927353273342
0.9949216647798421
[0.76463281 0.05277772]
0.9948960156288478
0.9949225815350784
[0.76867275 0.05269092]
0.9949112568645164
0.9949240282161962
[0.76741643 0.05258241]
0.9949257288862791
0.9949272422826628
[0.77486815 0.05235455]
0.9949262970093433
[0.77486815 0.05235455]
0.9949310204141671
0.994934128398601
[0.78788711 0.05173606]
0.9949295877128295
[0.78788711 0.05173606]
0.9949377808610776
0.9949423886969052
[0.81580951 0.05066184]
0.9949455428439116
0.9949484197067086
[0.82725806 0.04990772]
0.9949597662584095
0.9949694174769403
[0.88882714 0.04738222]
0.994966511918884
[0.88882714 0.04738222]
0.9949840788931212
0.9949677125655294
[0.96184477 0.0441026 ]
0.9949719431414658
[0.96184477 0.0441026 ]
0.9949571132449789
0.9949766994928018
[0.96184477 0.0441026 ]
0.9949787177695362
[0.96184477 0.0441026 ]
0.9949879858539716
0.9949922637717163
[0.99870308 0.04205725]
0.9949915216084432
[0.99870308 0.04205725]
0.9950022760549077
0.9949826623966173
[1.06348378 0.03893768]
0.9949921940798676
0.9949965064362212
[1.06348378 0.03893768]
0.9949952097024626
0.9950014677272542
[1.06348378 0.03893768]
0.9950030768565258
0.9949800831442515
[1.10341323 0.03704864]
0.9950059418713889
0.9950069282542552
[1.10383181 0.03724819]
0.9949921495570087
0.9950047698574378
[1.10383181 0.03724819]
0.9950006732615954
0.9950057401317081
[1.10383181 0.03724819]
0.9950078545647074
0.9950062563506433
[1.11883152 0.03655228]
0.9950089733804248
0.9950098698009779
[1.13688928 0.03600644]
0.9950091855872097
[1.13688928 0.03600644]
0.9950120431273242
0.995010092437785
[1.16994675 0.03476469]
0.9950089426237566
0.9950109673098355
[1.16994675 0.03476469]
0.9950053316777008
0.995011188078293
[1.16994675 0.03476469]
0.9950124606802644
0.9950128082030145
[1.17325518 0.03474805]
0.9950129067526007
0.9950085789552079
[1.19410722 0.03398134]
0.9950143903837195
0.9950151056218078
[1.2111501 0.0335647]
0.9950112251843426
0.9950138428496641
[1.2111501 0.0335647]
0.9950127919379506
0.9950141113832502
[1.2111501 0.0335647]
0.9950151458298447
0.995014486102575
[1.2200348  0.03325114]
0.9950161136709442
0.9950165840227295
[1.25312412 0.03232981]
0.9950144804228943
0.9950157144564964
[1.25312412 0.03232981]
0.9950170699616476
0.9950176632493763
[1.27541376 0.03175882]
0.9950157606820167
0.9950171281905938
[1.27541376 0.03175882]
0.9950176792203937
0.9950165393007295
[1.30676065 0.03090668]
0.9950183746108534
0.9950186250284504
[1.30431957 0.03104289]
0.9950183727751006
[1.30431957 0.03104289]
0.9950193575905709
0.9950193938100717
[1.34645776 0.03003711]
0.9950158941007075
0.9950191952458313
[1.34645776 0.03003711]
0.9950201373812202
0.9950201748481958
[1.40683885 0.02851795]
0.9950209572498275
0.9950213210980441
[1.46888979 0.02710184]
0.995019602724511
0.9950200461183737
[1.46888979 0.02710184]
0.9950205179791677
[1.46888979 0.02710184]
0.9950213097375866
[1.46888979 0.02710184]
0.9950221952066415
0.9950212888331679
[1.53094072 0.02568572]
0.9950219519230883
[1.53094072 0.02568572]
0.9950212521978228
0.9950216449867211
[1.53094072 0.02568572]
0.9950225088668477
0.9950212513945048
[1.57297454 0.0246735 ]
0.9950221875668599
0.9950223562628018
[1.57297454 0.0246735 ]
0.9950218848642658
0.9950223431354578
[1.57297454 0.0246735 ]
0.995022372942469
[1.57297454 0.0246735 ]
0.9950222365820941
0.9950224302553202
[1.57297454 0.0246735 ]
0.9950224271420091
0.9950224632096366
[1.57297454 0.0246735 ]
0.9950225209075356
0.9950225287679691
[1.57338985 0.02463318]
0.9950226024445511
0.9950226512051453
[1.59175265 0.0241685 ]
0.995022663370008
0.9950227329898588
[1.60176467 0.02385552]
0.99502246526281
0.9950226119863804
[1.60176467 0.02385552]
0.9950227201827017
[1.60176467 0.02385552]
0.9950227685536648
0.9950223732820019
[1.61845508 0.02338844]
0.9950227928905222
0.9950227456845651
[1.61177668 0.02354253]
0.9950226604285926
0.9950227811498892
[1.61177668 0.02354253]
0.9950226073332143
0.9950228108220159
[1.61428178 0.02349498]
0.9950228406430585
0.9950228526715417
[1.62220715 0.02323526]
0.9950227531773101
0.9950228246077025
[1.62220715 0.02323526]
0.9950228739669208
0.9950228948659307
[1.62726302 0.02304368]
0.9950227464748264
0.9950228556032014
[1.62726302 0.02304368]
0.9950228937017405
[1.62726302 0.02304368]
0.9950229092987007
0.9950227963621205
[1.6323189 0.0228521]
0.9950228354264208
0.9950229069780001
[1.6323189 0.0228521]
0.9950229279924855
0.9950229318919017
[1.63499205 0.0227305 ]
0.9950228080658301
0.9950229216805924
[1.63499205 0.0227305 ]
0.9950229463207798
0.9950229550193957
[1.63361176 0.02275489]
0.9950229560684302
0.9950229022619298
[1.63809616 0.02257651]
0.99502298173764
0.9950229902939307
[1.63757778 0.02253609]
0.9950229668864342
[1.63757778 0.02253609]
0.9950230213518054
0.9950230360140484
[1.64326762 0.02218768]
0.9950229329818581
0.9950230093988122
[1.64326762 0.02218768]
0.995022869444966
0.9950230119129143
[1.64326762 0.02218768]
0.9950230383055886
0.9950230403584013
[1.64229116 0.02216931]
0.9950230324906731
0.9950230569146754
[1.64421088 0.02206528]
0.9950230581632308
0.9950230573282789
[1.64323442 0.02204691]
0.9950230619976366
0.9950229913887659
[1.64515414 0.02194288]
0.99502308491256
0.995023094486928
[1.64416108 0.02185412]
0.9950230333845996
0.9950230754628268
[1.64416108 0.02185412]
0.9950230469944876
0.9950230824653317
[1.64416108 0.02185412]
0.9950230953099113
0.9950230841339369
[1.64481891 0.02180956]
0.995023110470702
0.9950231117440128
[1.64426229 0.02163922]
0.9950230646469059
0.9950231019555402
[1.64426229 0.02163922]
0.995023121619336
0.9950231188211109
[1.64379422 0.02161892]
0.9950230520927444
0.9950231134749721
[1.64379422 0.02161892]
0.9950231183961253
[1.64379422 0.02161892]
0.995023130529598
0.9950231353394897
[1.64289445 0.02154333]
0.9950231077421351
0.9950231258637275
[1.64289445 0.02154333]
0.9950231376831785
0.9950231400361607
[1.6420526  0.02152965]
0.9950231495494356
0.9950231290289973
[1.64141414 0.021438  ]
0.9950231579155534
0.9950231644421292
[1.63941121 0.02136481]
0.9950231354677016
0.9950231507451911
[1.63941121 0.02136481]
0.9950231536414915
[1.63941121 0.02136481]
0.9950231779860292
0.9950231887969277
[1.6354961  0.02120466]
0.9950231618318648
0.9950231802283989
[1.6354961  0.02120466]
0.9950231301649737
0.9950231779066422
[1.6354961  0.02120466]
0.9950231748572775
0.9950231822756256
[1.6354961  0.02120466]
0.9950231881582973
[1.6354961  0.02120466]
0.9950231953237884
0.9950232010336011
[1.63320187 0.02114032]
0.9950231943993111
[1.63320187 0.02114032]
0.9950231964559734
[1.63320187 0.02114032]
0.9950232105690203
0.9950232145493624
[1.6299157 0.0210556]
0.9950232001157827
0.9950232061647903
[1.6299157 0.0210556]
0.9950232214287731
0.9950232297891868
[1.62652907 0.02098391]
0.9950232163375499
[1.62652907 0.02098391]
0.9950232018937902
0.9950232233499599
[1.62652907 0.02098391]
0.9950232132877654
0.9950232273804911
[1.62652907 0.02098391]
0.9950232328102601
0.9950232352932484
[1.62304738 0.02090327]
0.995023240760627
0.9950232436835745
[1.62284917 0.02091833]
0.9950232468003604
0.9950232224099111
[1.61936747 0.02083768]
0.9950232587163866
0.9950232617423002
[1.6172302  0.02082748]
0.9950232581595323
[1.6172302  0.02082748]
0.9950232837681768
0.9950232943303612
[1.60773312 0.02068612]
0.9950232149971979
0.9950232755743699
[1.60773312 0.02068612]
0.995023284472319
[1.60773312 0.02068612]
0.9950232965161255
0.9950232102148208
[1.59823604 0.02054475]
0.9950233092738783
0.9950232917739953
[1.60235116 0.02062042]
0.99502328878348
0.9950233045453274
[1.60235116 0.02062042]
0.9950232671027492
0.9950233124431092
[1.60070915 0.02058607]
0.9950233198717793
0.9950233265599163
[1.59656374 0.02054103]
0.9950233005383875
0.9950233176786584
[1.59656374 0.02054103]
0.995023328470669
0.9950233313941554
[1.59416801 0.02052738]
0.9950233452210454
0.9950233558066341
[1.58511003 0.02041864]
0.9950233592558657
0.9950233726197445
[1.57578958 0.02033696]
0.9950233791163485
0.9950233655516273
[1.5667316  0.02022823]
0.99502340026832
0.995023370684012
[1.55741115 0.02014655]
0.9950233923997859
[1.55741115 0.02014655]
0.9950233542486562
0.9950233893597723
[1.55741115 0.02014655]
0.9950233972214653
[1.55741115 0.02014655]
0.9950233901298771
0.9950233993685115
[1.55741115 0.02014655]
0.9950233944511742
0.9950234003858088
[1.54983619 0.02006412]
0.9950233993960104
0.9950234015029974
[1.55542614 0.02012721]
0.9950234005858863
[1.55542614 0.02012721]
0.9950233997331779
0.9950234019591899
[1.55073743 0.02007505]
0.99502339840374
0.9950233996362093
0.9950234025612931
0.9950234010445415
[1.55308179 0.02010113]
0.9950234004572713
0.995023401793589
[1.55308179 0.02010113]
0.9950234016740598
0.9950234028931476
[1.55125578 0.02008105]
0.9950234012173269
0.9950234012242827
0.9950234013679627
0.9950234013861778
[1.55125578 0.02008105]
0.9950234008331891
0.9950234010399716
0.9950234014009233
0.9950234010639653
[1.55125578 0.02008105]
0.9950234009459388
0.99502340120704
[1.55125578 0.02008105]
0.9950234020784823
[1.55125578 0.02008105]
0.9950234006457775
0.9950234027030997
[1.55125578 0.02008105]
0.9950234022694069
0.9950234023105022
[1.55125578 0.02008105]
0.9950234004508273
0.9950234022672442
0.9950234006697563
0.9950234012964556
[1.55125578 0.02008105]
0.9950234028931476
Phase:  [ 0.3736217   3.57757199 -2.70546875 -2.70552439 -2.70545192]
Final Fidelity:  0.9950234028931476
Final Params:  [1.55125578 0.02008105]
