Optimizing ARP for b =  10.0
Optimizing Delta, T, and phases
0.967380039791381
0.9689012687152057
0.9662713604985903
0.969687257550678
0.9708045700048962
[0.5423375 0.1999998]
0.9716083049804118
0.9725494538111932
[0.59909375 0.1888887 ]
0.9727129565905335
0.9721333009408699
[0.61170625 0.1666665 ]
0.9725358522146041
0.9728266317716581
[0.63693125 0.1666665 ]
0.9724401601538073
0.9727857608899626
[0.63693125 0.1666665 ]
0.9729910269722959
0.9731363302284475
[0.64954375 0.18333315]
0.9730367026518112
[0.64954375 0.18333315]
0.9734363741780976
0.9737464848235255
[0.71260625 0.1999998 ]
0.9737021777000872
[0.71260625 0.1999998 ]
0.9743697740281523
0.9749484167952019
[0.80089375 0.24999975]
0.9748101827150533
[0.80089375 0.24999975]
0.9758857404164176
0.9766603570470005
[1.01530625 0.333333  ]
0.9768907568985359
0.9777530551621414
[1.0720625  0.39722182]
0.9894401448677157
0.9005962876054507
[1.286475   0.48055507]
0.9180773388277352
0.9774674390867584
[1.286475   0.48055507]
0.9813053245013638
[1.286475   0.48055507]
0.9021162688804896
0.9903115007562088
[1.1729625  0.44166622]
0.983937688548844
0.9920046744711994
[1.21395312 0.44583289]
0.978105660073096
0.9946783744394355
[1.23996641 0.46215232]
0.9943386656033133
[1.23996641 0.46215232]
0.9885884696061037
0.9944082351642218
[1.23996641 0.46215232]
0.9936783908955836
0.9947027181903034
[1.25977197 0.46245613]
0.9935601774370374
0.9947272075875055
[1.24353831 0.45866925]
0.9947475280719734
0.9946455590897891
[1.26334387 0.45897307]
0.9944201864951615
0.9947640749011197
[1.25660653 0.46063865]
0.9947843811826976
0.9947807337777952
[1.2764121  0.46094246]
0.9947146923948724
0.9947718384525238
[1.2764121  0.46094246]
0.9947907432541387
0.9947936579977822
[1.29879497 0.45995912]
0.9948165734882153
0.9948346571726355
[1.33295742 0.46158876]
0.9948287416607883
[1.33295742 0.46158876]
0.9948723227833013
0.9948970278018938
[1.43485663 0.46337302]
0.9948558294521653
[1.43485663 0.46337302]
0.9948971076713633
0.9948852908211435
[1.51437296 0.46614062]
0.9949372209457882
0.9949554093162276
[1.59889688 0.46555773]
0.9949549137890686
[1.59889688 0.46555773]
0.9949830362722273
0.9949728446288961
[1.76293713 0.46774245]
0.9949208327449581
0.9949717501688579
[1.76293713 0.46774245]
0.9949958806421442
0.995003616433014
[1.9661096  0.47172978]
0.9950085909324458
0.995012914088095
[2.23423987 0.47423292]
0.9950155407906248
0.9949928541874294
[2.43741234 0.47822025]
0.9950230193191999
0.9950233140268311
[3.07525913 0.48522019]
0.9949927507572487
0.9950208980624936
[3.07525913 0.48522019]
0.9950222391734475
[3.07525913 0.48522019]
0.9950217183550142
0.9950242849097196
[3.40865139 0.48865924]
0.9950167017272583
0.9950243937181557
[3.18754493 0.48595811]
0.9950245217098155
0.9950247383008731
[3.74377622 0.49148565]
0.9950206615122078
0.9950248943665475
[3.43715598 0.48869056]
0.995025155690353
0.9950245097104714
[3.99338727 0.4942181 ]
0.9950247839720354
0.9950249299351929
[3.99338727 0.4942181 ]
0.9950247257203217
0.9950249069056697
[3.99338727 0.4942181 ]
0.9950250911309053
[3.99338727 0.4942181 ]
0.9950251374435702
[3.99338727 0.4942181 ]
0.9950252551330268
0.9950252839252509
[4.40251934 0.49804764]
0.9950250109665445
0.9950252219749429
[4.40251934 0.49804764]
0.9950251743269829
0.9950250676892474
0.9950249670312077
0.9950250167716147
[4.40251934 0.49804764]
0.9950250772740566
[4.40251934 0.49804764]
0.9950251463385409
[4.40251934 0.49804764]
0.9950250377254822
0.9950252436304882
[4.40251934 0.49804764]
0.9950251557821738
0.9950252509914304
[4.40251934 0.49804764]
0.995025272676767
[4.40251934 0.49804764]
0.9950250060023276
0.9950251499459131
0.9950250301253896
0.9950253261810265
[4.36621391 0.49770648]
0.9950249502872356
0.9950252424946979
[4.36621391 0.49770648]
0.9950251108362289
0.9950253181310201
[4.36621391 0.49770648]
0.9950252150489237
0.9950252000361658
0.9950249597176389
0.9950253209650047
[4.36621391 0.49770648]
0.995024986217074
0.9950249728399134
0.9950249627694636
0.9950251255416829
[4.36621391 0.49770648]
0.9950252052516508
[4.36621391 0.49770648]
0.9950249564651157
0.9950252964554476
[4.36621391 0.49770648]
0.995025097964748
0.9950253130505593
[4.36621391 0.49770648]
0.995025251443684
0.9950253231943847
[4.36621391 0.49770648]
0.9950252805500636
0.9950253255534403
[4.36621391 0.49770648]
0.9950253237501128
0.9950253267770945
[4.36549273 0.49769979]
0.9950253262347649
[4.36549273 0.49769979]
0.9950253267108684
[4.36549273 0.49769979]
0.9950253168096155
0.9950253287182084
[4.36585495 0.49770287]
0.995025328340198
[4.36585495 0.49770287]
0.9950253275001854
0.9950253281608997
[4.36585495 0.49770287]
0.9950253255484507
0.9950253275129133
0.9950253287840999
0.9950253273107384
[4.36585386 0.49770305]
0.9950253287840999
Phase:  [-2.58750755  0.56198262  0.56187278  0.5618035   0.56202376]
Final Fidelity:  0.9950253287840999
Final Params:  [4.36585386 0.49770305]
