0.9608572685387496
0.9605478319597569
0.9694231237798467
0.9462217841051106
0.9616567735198421
0.973430251913202
0.9715088435600691
0.9755854505179795
0.9730764527421037
0.9580265648876397
0.9719864294362214
0.9711695056916843
0.9747002353096154
0.978427930462874
0.9752618818753231
0.9706749613494977
0.9776128222705581
0.9778599499203002
0.9739790084371251
0.9777716710005038
0.9770757997280417
0.9783440223087454
0.9771725862649775
0.9783288133877115
0.9776867374332091
0.9783481496895806
0.9784122618775964
0.9776429835222648
0.978498504720692
0.9786468180509492
0.9787554245520038
0.9784573085884443
0.9785754689211538
0.9785127071480247
0.9788468703911677
0.9789443103698431
0.9786769615321602
0.979118692486038
0.979248937529059
0.9792293575668372
0.9796703518092048
0.9798398386437078
0.9799145066425098
0.97956875925169
0.9794801692931817
0.9799041846591227
0.9801529291598615
0.9793486533191199
0.980419977640898
0.979964914493503
0.9794962149313444
0.9803374179111325
0.9799509780966879
0.9803838103730029
0.9798630689206846
0.9804070795001093
0.9805326306426856
0.9804049604744258
0.9803897404948982
0.9804971684597662
0.9803411069946459
0.9805094067621958
0.9803306117063058
0.9805190402329229
0.9805246177370806
0.9805675395142339
0.9805425184985304
0.9803604290283647
0.9805599996270036
0.980554292060949
0.9805444617147895
0.980564433615643
0.9805577093090693
0.9805677330771658
0.9805644353370375
0.9805498648030162
0.9805709384772474
0.9805616348296055
0.9805702426205455
0.9805643345772024
0.9805710220991569
0.9805631433124389
0.9805711709640632
0.9805703020009648
0.9805714685078775
0.980568525399526
0.9805717658333619
0.980569231538358
0.9805717093825308
0.980571679672061
0.9805714678100508
0.9805717671064407
0.9805714071859514
0.9805718455240685
0.9805712911404147
0.9805718448030476
0.9805717024700137
0.9805718459934502
0.9805718548599945
0.9805717187956648
0.980571739425527
0.980571877309129
0.9805718639112296
0.9805718247951711
0.9805718789788306
0.9805718278977252
0.9805718764892875
0.980571848107404
0.9805718810782885
0.9805718614701198
0.9805718900219685
0.980571865729081
0.980571887810477
0.9805718704534506
0.9805718871213471
0.9805718780504632
0.9805718841536857
0.9805718755921006
0.9805718877804426
0.9805718735634263
0.9805718768007223
0.980571879581683
0.9805718832385665
0.9805718827231149
0.9805718721672658
0.9805718771439024
0.9805718817667819
0.9805718798921111
0.9805718776436071
0.9805718808690559
0.9805718788951068
0.9805718834430657
0.9805718799924064
0.9805718809368095
0.9805718900219685
Phase:  [ 1.26573515 -2.20652616 -2.20623776]
Final Fidelity:  0.9805718900219685
Final Params:  [-0.40291136  0.22571473  7.96239892]
