0.6146491640227546
0.6511352143218992
0.6738558786716705
0.7105325311364428
0.6473211967610429
0.639306939985926
0.6845518280364808
0.6173023211331593
0.6635223029133266
0.7373484361712067
0.7722854874323715
0.773117462216214
0.8010205607348398
0.8057136264271343
0.7839582767761734
0.7716791186304967
0.7979063259722072
0.7862923298967216
0.800752723678416
0.8066768274381312
0.8065885653791454
0.7842001398562798
0.8048259137105869
0.8193100684021151
0.841506366575061
0.843912651967471
0.8787361288763869
0.8811165724251231
0.9168833181086853
0.9282687440926315
0.7256756658960135
0.9076710381833211
0.8060753694852102
0.9205379967118803
0.8740529456759945
0.9311235996344429
0.9178314219473499
0.9322418426183753
0.8625663734895814
0.9343582277907061
0.9280906303917761
0.9332369475504395
0.9370275031844767
0.9359729625049206
0.9342073176261185
0.9288004906997354
0.9361438072670778
0.9352464234950449
0.9291174376969508
0.9364631618280587
0.9356102069819154
0.9365708740517598
0.9372991884249482
0.9370545519271797
0.9364349117688497
0.9369914876146771
0.9379406551093841
0.9383961607922999
0.9379282543478479
0.9389750534046282
0.9395120186602505
0.9394642953054029
0.9406211748556469
0.9412874824199005
0.9419669978694708
0.9424995162163566
0.9387802021923741
0.9410423533205093
0.9438695450665766
0.9451677557239397
0.9437102865253139
0.944427797146974
0.9451878539517882
0.9434462893959606
0.9464035122976671
0.9464937066024384
0.9460521449330367
0.9438305827597663
0.94623746476853
0.9458495949607965
0.9465350486764159
0.9463104654972667
0.9456347452998236
0.9466630005486175
0.9461818175636815
0.9466586391467356
0.9463103379540784
0.9467139344256913
0.9460484217829863
0.9467377432494245
0.946664744721451
0.9465921263194498
0.9467350044239388
0.9466792564428436
0.946740261457906
0.94669165723049
0.9467501476098468
0.9467077646559297
0.9467553362668325
0.9466757965425664
0.9467576613105211
0.9467442452334889
0.9467555456079783
0.9467366445022531
0.9467576500891335
0.9467541878808573
0.9467578942296858
0.9467577228284545
0.9467570194875508
0.9467588580705261
0.946754621749281
0.9467590328329488
0.9467558983628993
0.9467589308423933
0.9467573067945653
0.9467589090424179
0.9467589845728147
0.9467585668031481
0.9467591431970934
0.9467581986689507
0.946759168686935
0.9467590777775099
0.9467588650880153
0.9467591405443407
0.946759052844788
0.9467591561594177
0.9467590951224502
0.9467591808891795
0.9467591038426424
0.9467591719001988
0.9467591513752257
0.9467591789580156
0.9467591162177337
0.9467591782637329
0.9467591823698815
0.9467591396904007
0.9467591694612859
0.9467591932288836
0.9467591807185927
0.9467591642550527
0.9467591746354387
0.9467591846924773
0.9467591886507449
0.946759188995968
0.94675918658965
0.9467591865065488
0.9467591932907589
0.9467591922109454
0.9467591833769571
0.9467591820580324
0.9467591921732295
0.9467591704263004
0.9467591981095247
0.9467591891666747
0.9467591884995373
0.9467591800770041
0.946759184649578
0.9467591973704905
0.9467591981095247
Phase:  [-0.45188197 -0.41716247 -0.41727425 -0.41734731]
Final Fidelity:  0.9467591981095247
Final Params:  [-0.41943653  0.19312486 10.75165221]
