0.7141789212440011
0.669991645146631
0.7517297177890039
0.8052630738375541
0.6627424656723202
0.7075575519308237
0.7063265813556834
0.7145255643465094
0.7100908539112742
0.7159563613966287
0.7100565516740376
0.7157630358763285
0.7132439064461069
0.7156985809399955
0.7139378419480478
0.7677890455253592
0.7674072906293236
0.8300578833405903
0.8570344569310525
0.8499111739562536
0.8595141047489014
0.8410364617916447
0.858883962974906
0.8550299953322993
0.8608089319422852
0.19155210705076586
0.8634871092631623
0.8571615001240355
0.8611901460279909
0.8648927238266892
0.8662317103259276
0.8676668644801251
0.8691001604523669
0.8697762144117865
0.8661082495218677
0.8724833607474523
0.8725244058385652
0.8661949365142202
0.8703424527236556
0.8723326205748512
0.8649934629828451
0.8722833423295551
0.8727537640586617
0.8744632233826237
0.872219605965863
0.873021687487788
0.8731407421415713
0.873535570169171
0.8818224624843916
0.8587373073914537
0.8817413221495315
0.8772509633510104
0.8516667394657933
0.8785453821106587
0.8762981724048002
0.880639310931369
0.8796871266734817
0.8815389574681894
0.8826704994494522
0.8827201763309798
0.8804358767605934
0.8823146394682125
0.883245234414715
0.8837921436178497
0.8837100140698417
0.8823944321934314
0.8832515480589221
0.8842343731953641
0.8842187737173343
0.8840559169461993
0.8844227324055965
0.8844329169930735
0.8841102974759318
0.884840025696716
0.8849650514795638
0.8850663522006831
0.8848568475046876
0.8852840890870388
0.8847477591004943
0.8856989382424387
0.8853151208452343
0.8859842501711404
0.8859571669604991
0.8859431597491703
0.8864091976197315
0.885926696759419
0.8868344050887677
0.8868654417067406
0.8860558380011176
0.8877810942353002
0.8886048690972812
0.8878390230830967
0.8886940542876116
0.8882371889559636
0.8901765984105919
0.8908414153062136
0.8913611649042622
0.8918665137927058
0.8938753606713736
0.8957150135271833
0.8962430680359452
0.8954809787767969
0.8978036239137923
0.8983767812514355
0.9022764636799591
0.8971039666791
0.9014133630085543
0.9048143873105693
0.8992959909876416
0.9018525850240822
0.8996403975236558
0.904039336907138
0.9000461498935424
0.904499734053511
0.9026214265759518
0.9044774939093958
0.9039937380346491
0.9048064009681374
0.9048501167500621
0.9033687750110858
0.903857429991659
0.9051032253490964
0.9052664738713572
0.9047660479130779
0.9030360669543458
0.9052906751195497
0.9052098911626981
0.9047715983710808
0.9053404221696872
0.9050232818013182
0.905348682257907
0.9050736623400396
0.9053595590062868
0.9053399012566882
0.9053747434941757
0.9053032666475798
0.9053740512488265
0.9053008047696951
0.905376143447649
0.9053508871345946
0.9053762384383998
0.9053700750691773
0.9053794398801572
0.9053646470368312
0.9053799971813791
0.9053664243625422
0.9053801601961777
0.9053772707875749
0.9053799878699825
0.9053798760273853
0.9053806745582031
0.9053794525843434
0.905380720877288
0.905378694065847
0.9053807770122277
0.9053791345231845
0.9053807810376293
0.9053807400761943
0.9053807107631843
0.9053808246052456
0.9053807074979625
0.9053808383376685
0.9053806106201021
0.905380875646269
0.9053804918405565
0.9053808812759808
0.905380881900232
0.9053808050643241
0.9053808581037626
0.9053808919827943
0.905380797468118
0.905380904027349
0.9053808605523446
0.9053809037034946
0.9053808799439325
0.9053808912820926
0.9053808868651286
0.905380897466341
0.9053809001421791
0.9053809045570019
0.9053808754130552
0.9053808992474536
0.9053808701566523
0.9053808785431618
0.9053809038902292
0.9053809092814289
0.9053809092814289
Phase:  [ 2.94920195 -0.04411662 -0.04436934 -0.0441805  -0.04433196]
Final Fidelity:  0.9053809092814289
Final Params:  [-0.42604724  0.16162634  8.70965829]
