Optimizing ARP for b =  500.0
Optimizing Delta, T, and phases
0.9996165038472695
0.9996970246275405
0.9996165038472695
0.999697025345606
0.9996971157529934
[24.725  0.486]
0.9996615976860519
0.9996878324403727
[24.725  0.486]
0.9996825600474348
0.9996960876671549
[24.725  0.486]
0.9996953397723992
0.9996985075727778
[24.6171875  0.509625 ]
0.9996867561534308
0.9996993438622279
[24.41054688  0.51890625]
0.9996987495501912
[24.41054688  0.51890625]
0.9996959764939022
0.9996991638229311
[24.41054688  0.51890625]
0.9996987311029324
0.9996993145946419
[24.41054688  0.51890625]
0.999698728102534
0.9996993017892531
[24.41054688  0.51890625]
0.9996992365093622
0.999699342642881
[24.41054688  0.51890625]
0.9996992794664953
0.9996993392551401
[24.41054688  0.51890625]
0.9996993142644164
0.9996993439625289
[24.4041069   0.52376276]
0.9996993400365252
0.9996993421740386
0.9996993444146501
0.9996993440427404
[24.40732689  0.5213345 ]
0.9996993426834477
0.9996993434157403
0.9996993448560915
0.9996993444725332
[24.40883598  0.52255069]
0.999699344294748
0.9996993441221473
0.999699344287136
0.9996993449722961
[24.40808144  0.5219426 ]
