Optimizing ARP for b =  200.0
Optimizing Delta, T, and phases
0.9982834692246118
0.9982964673398671
0.9980917163484793
0.9984151058252092
0.998366819141913
[24.15   0.513]
0.9983775587004154
[24.15   0.513]
0.9983883888829921
[24.15   0.513]
0.9983102296629791
0.9984050161867641
[24.15   0.513]
0.998338459918154
0.9984108252187993
[24.15   0.513]
0.9984192948660321
0.9984075483462398
[24.078125   0.5045625]
0.9984073774519203
0.9984174591965023
[24.078125   0.5045625]
0.9983995372684294
0.9984199344167267
[24.22636719  0.50846484]
0.9984222824159884
0.9984210443201675
[23.77714844  0.50973047]
0.9984174209483341
0.9984212986531917
[23.77714844  0.50973047]
0.9984198938247841
0.9984215121841273
[23.77714844  0.50973047]
0.9984211259374686
0.9984218874951714
[23.77714844  0.50973047]
0.9984219935281647
[23.77714844  0.50973047]
0.9984215880641862
0.9984221536488826
[23.77714844  0.50973047]
0.998421900011713
0.9984220381224708
[23.77714844  0.50973047]
0.9984220828927347
0.9984222024795565
[23.77714844  0.50973047]
0.9984218231562937
0.9984221238146344
0.9984221838359555
0.9984223168766735
[23.81735001  0.50922908]
0.9984223112903082
[23.81735001  0.50922908]
0.998422102568364
0.9984224184091215
[23.78826978  0.50954462]
0.998422393693094
[23.78826978  0.50954462]
0.9984223458403556
0.9984222439976825
0.998422253321267
0.998422165952906
[23.78826978  0.50954462]
0.9984222427123922
0.9984216070338681
0.998422290995886
0.9984223638271078
[23.78826978  0.50954462]
0.9984222668137862
0.9984222680504602
0.9984222319796744
0.9984222231135348
[23.78826978  0.50954462]
0.9984222339216823
[23.78826978  0.50954462]
0.9984222323057148
0.9984221631415968
0.9984222713474359
0.9984223951020006
[23.78826978  0.50954462]
0.9984222006704746
0.9984222672343468
0.9984222203659121
0.9984222890035106
[23.78826978  0.50954462]
0.998422295665876
[23.78826978  0.50954462]
0.998422213665213
0.9984215334885266
0.9984222162136119
0.998422342298926
[23.78826978  0.50954462]
0.9984222029923111
0.9984222159902734
0.9984223500182621
0.9984222466552083
[23.78826978  0.50954462]
0.9984223469925937
0.9984223285852076
0.9984223470780789
0.9984214504590394
[23.78826978  0.50954462]
0.998422202143504
0.9984222145345876
[23.78826978  0.50954462]
0.9984224184091215
Phase:  [0.46278426 0.46248782 0.4624544 ]
Final Fidelity:  0.9984224184091215
Final Params:  [23.78826978  0.50954462]
