ddfac=0.2
Optimizing SP for b =  10.0
Optimizing Delta, T, and phases
0 1.0
0 1.0
1 0.9998130484657792
1 0.9998255793266615
2 0.9998130484657792
2 0.9998255793266615
3 0.999640558946569
3 0.9996646870745425
4 0.9998130484657792
4 0.9998255793266615
5 0.999640558946569
5 0.9996646870745425
6 0.999640558946569
6 0.9996646870745425
7 0.9994786582079354
7 0.9995136064581002
8 0.9998130484657792
8 0.9998255793266615
9 0.999640558946569
9 0.9996646870745425
10 0.999640558946569
10 0.9996646870745425
11 0.9994786582079354
11 0.9995136064581002
12 0.999640558946569
12 0.9996646870745425
13 0.9994786582079354
13 0.9995136064581002
14 0.9994786582079354
14 0.9995136064581002
15 0.9993289431322263
15 0.9993740521915165
16 0.9998130484657792
16 0.9998255793266615
17 0.9996769790569716
17 0.9996984730237078
18 0.9996769790569716
18 0.9996984730237078
19 0.9995392990278329
19 0.9995698663182087
20 0.9996769790569716
20 0.9996984730237078
21 0.9995392990278329
21 0.9995698663182087
22 0.9995392990278329
22 0.9995698663182087
23 0.9994059230096585
23 0.9994455050880636
24 0.9996769790569716
24 0.9996984730237078
25 0.9995392990278329
25 0.9995698663182087
26 0.9995392990278329
26 0.9995698663182087
27 0.9994059230096585
27 0.9994455050880636
28 0.9995392990278329
28 0.9995698663182088
29 0.9994059230096585
29 0.9994455050880636
30 0.9994059230096585
30 0.9994455050880636
31 0.9992732541838404
31 0.9993216904417063
32 0.16604343621267315
32 0.9996207235932936
0.974334432266737
Final Fidelity:  0.974334432266737
Leakage=0.9996206673180549 
