Optimizing ARP for b =  10.0
Optimizing Delta, T, and phases
0.9967447753389103
0.996899488921249
0.9966079106104834
0.9970122730150952
0.997174351494358
[0.5423375 0.1999998]
0.9972741835192878
0.9974523234607284
[0.59909375 0.1888887 ]
0.997608448462732
0.9977928821331546
[0.65269687 0.13888875]
0.9978833257437851
0.9979719786598117
[0.79301094 0.09166657]
0.9898508102473234
0.9977551735295219
[0.79301094 0.09166657]
0.9979206665105387
[0.79301094 0.09166657]
0.9711828588862803
0.9979245762386141
[0.79301094 0.09166657]
0.9979042633151015
0.997945768029859
[0.79301094 0.09166657]
0.9978883580729151
0.9979591051696074
[0.79301094 0.09166657]
0.9979724732063052
0.9979625939272875
[0.77354409 0.10296214]
0.997990733665288
0.9980062365165837
[0.84713445 0.08905699]
0.9979978360085087
[0.84713445 0.08905699]
0.9980280363735574
0.9980460481083058
[0.9651149  0.07819003]
0.998037315559388
[0.9651149  0.07819003]
0.9980202727279418
0.9980523823219456
[1.03870527 0.06428487]
0.9980562687676019
0.9980577746555396
[1.03656675 0.07992342]
0.9980688001835624
0.9980756249001477
[1.18267822 0.05993239]
0.9980726105293185
[1.18267822 0.05993239]
0.9980850197475597
0.9980804438689588
[1.32665117 0.05557991]
0.9980614474172862
0.9980778190256882
[1.32665117 0.05557991]
0.9980854243799018
0.9980876124149662
[1.45102361 0.0635004 ]
0.9980925614977284
0.9980959046889998
[1.73130778 0.04529338]
0.9980961660114288
0.9980984133907819
[2.12019474 0.05203085]
0.9981017862590182
0.9980913217864382
[2.40047891 0.03382383]
0.9981022500581156
0.9981033507285215
[3.31839492 0.03819525]
0.9981045125468269
0.9676579981166703
[3.59867909 0.01998823]
0.9981048251606741
0.9981052017509536
[5.57465319 0.01962757]
0.983029481635741
0.998104388444959
[5.57465319 0.01962757]
0.9981049127435854
[5.57465319 0.01962757]
0.9981054816648961
0.9981054005341603
[7.19677585 0.01025357]
0.9981054062558239
[7.19677585 0.01025357]
0.9981055513469977
0.998105583682461
[1.09717983e+01 5.02557782e-03]
0.998105639647426
0.9981056389159013
[ 1.06179469e+01 -3.98776927e-03]
0.998105640074339
0.9981056397574323
[ 1.43929694e+01 -9.21575896e-03]
0.9981056394581561
0.9981056390897112
0.9981056395393242
0.9981056391912674
[ 1.43929694e+01 -9.21575896e-03]
0.9981056394282822
0.9981056392253962
0.9981056395727249
0.9981056394772699
[ 1.43929694e+01 -9.21575896e-03]
0.9981056396993683
[ 1.43929694e+01 -9.21575896e-03]
0.9981056392568609
0.9981056389427113
0.9981056398942247
0.9981056395580797
[ 1.43929694e+01 -9.21575896e-03]
0.9981056394974831
0.9981056398142292
[ 1.43929694e+01 -9.21575896e-03]
0.9981056398629048
0.9981056399137693
[ 1.43929694e+01 -9.21575896e-03]
0.9981056387496501
0.998105639776832
0.9981056396649115
0.9981056396565446
[ 1.43929694e+01 -9.21575896e-03]
0.9981056378307764
0.998105639206791
0.9981056395816745
0.9981056395083312
[ 1.43929694e+01 -9.21575896e-03]
0.9981056394774056
0.998105639622267
[ 1.43929694e+01 -9.21575896e-03]
0.9981056392011162
0.9981056400777981
[ 1.44042891e+01 -9.37296550e-03]
0.9981056397737975
0.9981056392811091
0.9981056389687383
0.9981056399567533
[ 1.44042891e+01 -9.37296550e-03]
0.9981056392200721
0.998105639397541
[ 1.44042891e+01 -9.37296550e-03]
0.9981056395580947
0.9981056387260233
0.99810563953231
0.9981056391508046
[ 1.44042891e+01 -9.37296550e-03]
0.9981056396552891
[ 1.44042891e+01 -9.37296550e-03]
0.9981056389534707
0.9981056393656442
0.9981056397938413
0.9981056396987925
[ 1.44042891e+01 -9.37296550e-03]
0.9981056389489609
0.998105638363238
0.9981056388070105
0.9981056392753266
[ 1.44042891e+01 -9.37296550e-03]
0.9981056395951204
[ 1.44042891e+01 -9.37296550e-03]
0.998105639288036
0.9981056394689151
[ 1.44042891e+01 -9.37296550e-03]
0.9981056397243868
[ 1.44042891e+01 -9.37296550e-03]
0.9981056392560718
0.9981056390423367
0.9981056396657287
0.9981056397944963
[ 1.44042891e+01 -9.37296550e-03]
0.998105639300789
0.9981056396467427
0.9981056392333127
0.9981056395545866
[ 1.44042891e+01 -9.37296550e-03]
0.9981056400777981
Phase:  [ 8.10254780e-05  3.14153748e+00  3.14154051e+00  3.14157178e+00
 -3.14164120e+00]
Final Fidelity:  0.9981056400777981
Final Params:  [ 1.44042891e+01 -9.37296550e-03]
