Optimizing ARP for b =  400.0
Optimizing Delta, T, and phases
0.9996015780928318
0.9996823538494602
0.9996015780928318
0.9996823539681472
0.9996825758334003
[24.725  0.486]
0.9996477193380984
0.9996733447038506
[24.725  0.486]
0.9996678915078644
0.9996815383527873
[24.725  0.486]
0.9996809703586953
0.9996836197083974
[24.6171875  0.509625 ]
0.9996723314135554
0.9996849087063454
[24.41054688  0.51890625]
0.9996842311196449
[24.41054688  0.51890625]
0.9996813220341647
0.9996846807806187
[24.41054688  0.51890625]
0.9996838630454946
0.9996849085231374
[24.41054688  0.51890625]
0.9996842136925117
0.9996848572729881
[24.41054688  0.51890625]
0.9996848487644054
0.9996849008477977
[24.41054688  0.51890625]
0.9996849007519264
0.9996849127205623
[24.40486145  0.52437085]
0.9996848583172205
0.9996849199235607
[24.39171829  0.52633685]
0.999684917604359
[24.39171829  0.52633685]
0.9996849038826632
0.9996849130988461
[24.39171829  0.52633685]
0.9996849135655634
0.999684916672553
[24.39171829  0.52633685]
0.9996849205642424
0.9996849130988461
[24.39287205  0.52789458]
0.9996849135974295
0.9996849189641341
[24.39287205  0.52789458]
0.9996849138456806
0.9996849199030321
[24.39287205  0.52789458]
0.9996849207105776
0.9996849139200588
[24.39386075  0.52594428]
0.9996849141473978
0.9996849199688834
[24.39386075  0.52594428]
0.9996849130185654
0.9996849210234642
[24.39295437  0.52677378]
0.9996849139455157
0.9996849210617292
[24.3931398  0.5271268]
0.9996849198485542
0.999684921202781
[24.39345392  0.52644729]
0.9996849209527503
0.9996849205328426
0.9996849200763938
0.9996849205378346
[24.39345392  0.52644729]
0.9996849207559387
[24.39345392  0.52644729]
0.9996849204596195
0.9996849207831296
[24.39345392  0.52644729]
0.999684920944293
[24.39345392  0.52644729]
0.999684921165194
[24.39345392  0.52644729]
0.9996849207163958
0.999684920620411
0.9996849208324602
0.9996849210997691
[24.39345392  0.52644729]
0.9996849185009445
0.9996849211542782
[24.39345392  0.52644729]
0.9996849204712487
0.9996849210249225
0.9996849210391445
0.9996849199350281
[24.39345392  0.52644729]
0.999684921202781
Phase:  [0.30514933 0.30518781 0.30544931 0.30540284 0.30532644]
Final Fidelity:  0.999684921202781
Final Params:  [24.39345392  0.52644729]
