initial state is 010
Optimizing ARP for b =  200.0
Optimizing Delta, T, and phases
0.9997248562677995
0.99970730506576
0.9997248562677995
0.9997151608590695
0.99972238796577
[23.    0.54]
0.9997207809000066
0.9997243256834107
[23.    0.54]
0.999723769603865
0.9997247792511984
[23.    0.54]
0.999724531414741
0.9997248661943989
[22.928125    0.55434375]
0.9997248661943989
[22.928125    0.55434375]
0.9997247792511984
0.9997248735387645
[22.9640625   0.54042188]
0.9997248735387646
0.9997248679269531
[22.9640625   0.56742188]
0.999724856267799
0.9997248729596191
[22.9640625   0.56742188]
0.9997248679269531
0.9997248740971937
[22.95507813  0.55402734]
0.9997248740971939
0.9997248737725478
[22.95507813  0.58102734]
0.999724872959619
0.9997248739014379
[22.95507813  0.58102734]
0.9997248737725478
0.9997248744902595
[22.95732422  0.56750098]
0.9997248744902593
[22.95732422  0.56750098]
0.9997248739014383
0.999724874241428
[22.95732422  0.56750098]
0.9997248739578736
0.9997248752620739
[22.9567627   0.58100757]
0.9997248752620739
[22.9567627   0.58100757]
0.9997248742414278
0.9997248744929397
[22.9567627   0.58100757]
0.9997248739024776
0.9997248740492035
0.9997248752620739
0.9997248740492035
[22.9567627   0.58100757]
0.9997248752810738
0.9997248739024776
[22.95662231  0.57425922]
0.9997248752810738
[22.95662231  0.57425922]
0.9997248739024778
0.9997248752715059
[22.95662231  0.57425922]
0.9997248739063815
0.9997248752762733
[22.95662231  0.57425922]
0.9997248752859076
0.9997248739063815
[22.95658722  0.58100963]
0.9997248752859076
[22.95658722  0.58100963]
0.999724873906382
0.9997248752834867
[22.95658722  0.58100963]
0.999724875288337
0.999724873906382
[22.95656967  0.57425983]
0.9997248752883376
0.9997248752895553
[22.9565609   0.59788494]
0.9997248739058879
0.999724875287425
[22.9565609   0.59788494]
0.9997248739065054
0.9997248752881849
[22.9565609   0.59788494]
0.9997248752897075
0.9997248739065058
[22.9565598   0.58733808]
0.9997248739063201
0.9997248752889837
[22.9565598   0.58733808]
0.9997248739065834
0.9997248752893078
[22.9565598   0.58733808]
0.999724873906715
0.99972487528947
[22.9565598   0.58733808]
0.999724873906781
0.9997248752895506
[22.9565598   0.58733808]
0.9997248752897133
0.9997248739067808
[22.95655977  0.59375849]
0.9997248739067516
0.9997248752896326
[22.95655977  0.59375849]
0.999724873906783
0.9997248752896712
[22.95655977  0.59375849]
0.9997248739067991
0.9997248752896913
[22.95655977  0.59375849]
0.9997248739068073
0.9997248752897012
[22.95655977  0.59375849]
0.999724873906811
0.9997248752897056
[22.95655977  0.59375849]
0.9997248752897153
0.9997248739068111
[22.95655975  0.59031901]
0.9997248739068108
0.9997248752897109
[22.95655975  0.59031901]
0.9997248752897174
0.9997248739068108
[22.95655974  0.59438908]
0.9997248752897195
0.9997248739068098
[22.95655972  0.59094961]
0.9997248739068102
0.9997248752897165
[22.95655972  0.59094961]
0.9997248752897195
[22.95655972  0.59094961]
0.9997248739068101
0.9997248752897185
[22.95655972  0.59094961]
0.9997248739068105
0.9997248752897189
[22.95655972  0.59094961]
0.9997248739068104
0.9997248752897191
[22.95655972  0.59094961]
0.9997248752897198
0.9997248739068108
[22.95655972  0.59214806]
0.9997248752897198
[22.95655972  0.59214806]
0.9997248752897201
0.9997248739068105
[22.95655971  0.5904516 ]
0.9997248739068109
0.9997248752897204
[22.95655972  0.59027649]
0.9997248739068112
0.9997248752897201
[22.95655972  0.59027649]
0.9997248739068109
0.9997248752897202
[22.95655972  0.59027649]
0.9997248752897193
0.9997248739068106
0.9997248752897202
0.9997248752897196
[22.95655972  0.59027649]
0.9997248752897192
0.999724873906811
0.99972487528972
0.9997248752897201
[22.95655972  0.59027649]
0.9997248752897203
[22.95655972  0.59027649]
0.9997248752897204
Phase:  [0. 0. 0.]
Final Fidelity:  0.9997248752897204
Final Params:  [22.95655972  0.59027649]
