initial state is 111
Optimizing ARP for b =  200.0
Optimizing Delta, T, and phases
0.9996678188316545
0.9997510843120594
0.9996678188316545
0.9997510843120596
0.9997490872536118
[24.15   0.513]
0.9997322270284257
0.9997490872536118
[24.15   0.513]
0.9997259399544074
0.9997527973475019
[24.4375    0.523125]
0.9997527973475021
0.9997515165026877
[24.4375    0.496125]
0.9997490872536118
0.9997527160162798
[24.4375    0.496125]
0.9997515165026863
0.9997529392215081
[24.365625    0.51046875]
0.9997529392215084
0.9997528758293074
[24.365625    0.48346875]
0.9997527160162792
0.9997529116105396
[24.365625    0.48346875]
0.999752875829309
0.9997529366845852
[24.365625    0.48346875]
0.9997529190157226
0.9997529407834168
[24.37460938  0.49686328]
0.9997529407834167
[24.37460938  0.49686328]
0.9997529366845856
0.9997529407115443
[24.37460938  0.49686328]
0.9997529394400892
0.9997529409245668
[24.37236328  0.48338965]
0.9997529409245666
[24.37236328  0.48338965]
0.9997529407115443
0.9997529408982383
[24.37236328  0.48338965]
0.9997529408623496
0.9997529409224664
[24.37236328  0.48338965]
0.9997529409045278
0.9997529409262816
[24.37264404  0.49688635]
0.999752940926282
0.9997529409250666
[24.37264404  0.46988635]
0.9997529409224661
0.999752940926116
[24.37264404  0.46988635]
0.9997529409250652
0.9997529409263713
[24.37257385  0.48338718]
0.9997529409263723
0.9997529409262873
[24.37257385  0.45638718]
0.9997529409261158
0.9997529409263713
[24.37257385  0.45638718]
0.9997529409262864
0.9997529409263827
[24.3725914   0.46988697]
0.9997529409263827
[24.3725914   0.46988697]
0.9997529409263709
0.9997529409263791
[24.3725914   0.46988697]
0.9997529409263783
0.9997529409263818
[24.3725914   0.46988697]
0.9997529409263817
0.999752940926382
[24.3725914   0.46988697]
0.9997529409263815
0.9997529409263823
[24.3725914   0.46988697]
0.9997529409263834
0.9997529409263815
[24.3725925   0.45638696]
0.9997529409263826
0.9997529409263822
0.9997529409263826
0.9997529409263817
[24.3725925   0.45638696]
0.9997529409263826
0.9997529409263823
0.9997529409263822
0.9997529409263822
[24.3725925   0.45638696]
0.9997529409263834
[24.3725925   0.45638696]
0.9997529409263821
0.9997529409263827
[24.3725925   0.45638696]
0.9997529409263819
0.9997529409263817
0.9997529409263834
0.9997529409263817
[24.3725925   0.45638696]
0.9997529409263816
0.9997529409263829
[24.3725925   0.45638696]
0.9997529409263828
0.9997529409263811
0.9997529409263834
0.9997529409263811
[24.3725925   0.45638696]
0.9997529409263813
0.9997529409263821
[24.3725925   0.45638696]
0.9997529409263813
0.999752940926382
0.9997529409263834
0.999752940926382
[24.3725925   0.45638696]
0.9997529409263811
0.9997529409263816
0.9997529409263834
0.9997529409263816
[24.3725925   0.45638696]
0.9997529409263816
0.999752940926383
[24.3725925   0.45638696]
0.9997529409263817
0.9997529409263816
0.9997529409263834
0.9997529409263816
[24.3725925   0.45638696]
0.9997529409263824
0.999752940926382
0.9997529409263834
0.9997529409263828
[24.3725925   0.45638696]
0.9997529409263812
0.9997529409263812
0.9997529409263834
0.9997529409263812
[24.3725925   0.45638696]
0.9997529409263834
Phase:  [ 0.06486815  0.20579648 -0.11992527]
Final Fidelity:  0.9997529409263834
Final Params:  [24.3725925   0.45638696]
