initial state is 000
Optimizing ARP for b =  200.0
Optimizing Delta, T, and phases
1.0
1.0
1.0
1.0
1.0
1.0
1.0
[23.    0.54]
1.0
1.0
1.0
1.0
[23.    0.54]
1.0
1.0
1.0
1.0
[23.    0.54]
1.0
1.0
1.0
1.0
[23.    0.54]
1.0
1.0
1.0
1.0
[23.    0.54]
1.0
1.0
1.0
1.0
[23.    0.54]
1.0
1.0
1.0
1.0
[23.    0.54]
1.0
1.0
1.0
1.0
[23.    0.54]
1.0
1.0
1.0
1.0
[23.    0.54]
1.0
1.0
1.0
1.0
[23.    0.54]
1.0
1.0
1.0
1.0
[23.    0.54]
1.0
1.0
1.0
1.0
[23.    0.54]
1.0
1.0
1.0
1.0
[23.    0.54]
1.0
1.0
1.0
1.0
[23.    0.54]
1.0
Phase:  [0. 0. 0.]
Final Fidelity:  1.0
Final Params:  [23.    0.54]
