Optimizing ARP for b =  300.0
Optimizing Delta, T, and phases
0.9970355317844961
0.9971871695193116
0.9967895488247273
0.9970626564026314
[24.15  0.54]
0.9972303034269682
0.9972689186897681
[26.45    0.4995]
0.997144263728974
0.9971976161654359
[26.45    0.4995]
0.997287117610482
0.9971630077665392
[28.175     0.482625]
0.9973673569710504
0.9969185597430298
[28.75   0.459]
0.9970724393145751
0.9973263016846831
[28.75   0.459]
0.9974093424252402
0.9973796357825038
[28.03125     0.46153125]
0.9971679290405662
0.9973817523459899
[28.03125     0.46153125]
0.9973817937060938
[28.03125     0.46153125]
0.997399537478423
[28.03125     0.46153125]
0.9973760193159037
0.9974006461688051
[28.03125     0.46153125]
0.9973957196929824
0.9974102806308242
[27.52363281  0.46466895]
0.9974027972790275
0.9974089432283147
[27.52363281  0.46466895]
0.9974076860949201
0.9974108105673928
[27.86223145  0.46162024]
0.9974025343172637
0.9974178475316302
[27.86209106  0.46233792]
0.9974018248576041
0.9974119727281148
[27.86209106  0.46233792]
0.9974132013221677
[27.86209106  0.46233792]
0.9974120819327633
0.9974119485318027
0.9974127009150835
0.9974104498268935
[27.86209106  0.46233792]
0.9973947453946771
0.9974118799787477
[27.86209106  0.46233792]
0.9974112224302949
0.997412800696777
[27.86209106  0.46233792]
0.9974101611363264
0.997390358972844
0.9974141556332885
0.9973911968489042
[27.86209106  0.46233792]
0.9974130554019452
0.9974118495926181
0.9974093788707369
0.9974114566066132
[27.86209106  0.46233792]
0.9974125110143279
[27.86209106  0.46233792]
0.9974153752107145
[27.86209106  0.46233792]
0.9974126822939389
0.9974100338250733
0.9974116680557003
0.9974115969218634
[27.86209106  0.46233792]
0.9974118634003528
[27.86209106  0.46233792]
0.9974128871773615
[27.86209106  0.46233792]
0.9973879689045921
0.997411490907805
0.9974121484273343
0.99741498439116
[27.86209106  0.46233792]
0.9974142979202947
0.9974151029270379
[27.86209106  0.46233792]
0.9974117741625887
0.9974111181566996
0.9973934151786945
0.9974102218373022
[27.86209106  0.46233792]
0.9973942551519849
0.9973940365350001
0.9973938511105368
0.9974036293589978
[27.86209106  0.46233792]
0.9974156855933813
[27.86209106  0.46233792]
0.9974089396902424
0.9974107770776443
[27.86209106  0.46233792]
0.9974152098917061
0.9974189836323566
[27.86205997  0.46233867]
0.9974051570417153
0.997411081063824
0.9974184083029018
0.9974113443355783
[27.86205997  0.46233867]
0.9974140951871281
0.9974163825670579
[27.86205997  0.46233867]
0.997420991739462
0.9974113495866902
[27.8619269   0.46234002]
0.9974215545538365
0.9974112009568271
[27.86191136  0.4623404 ]
0.9974116259634788
0.9974201410940458
[27.86191136  0.4623404 ]
0.9974215545538365
Phase:  [0.34884725 0.34894576 0.34901792 0.34900992 0.34912748]
Final Fidelity:  0.9974215545538365
Final Params:  [27.86191136  0.4623404 ]
