Optimizing ARP for b =  600.0
Optimizing Delta, T, and phases
0.9985390578547599
0.9985905779045143
0.9983286376588087
0.9985163991343019
0.9986034986883497
[23.8625  0.5265]
0.9985661160490636
0.9985964250486368
[23.8625  0.5265]
0.9985537558767363
0.9986039905483601
[24.16796875  0.53409375]
0.9986007288760367
0.9986084393889425
[23.76816406  0.53050781]
0.9985961970581666
0.9986089925817142
[23.9152832   0.52940039]
0.9985891678507499
0.9986089558057122
[23.9152832   0.52940039]
0.9986078353471625
0.9986098715028694
[23.86411438  0.53060999]
0.9986053837159886
0.9986088143059106
0.9986087473629714
0.9986099972903726
[23.93448029  0.53131696]
0.9986089746011442
0.9986090297033402
[23.93448029  0.53131696]
0.998609085014132
0.998608794038512
0.9986094377722947
0.9986103865092911
[23.91928844  0.53137978]
0.9986092199450065
0.9986088528065314
0.9986092271054149
0.9986090295854526
[23.91928844  0.53137978]
0.9986043445753894
0.9986102115612319
[23.91928844  0.53137978]
0.9986100354557561
0.9986095541590385
0.9986093163356611
0.9986082902449762
[23.91928844  0.53137978]
0.9986096201051287
[23.91928844  0.53137978]
0.9986094339764194
0.9986089366168354
0.9986093447499269
0.9986086067279826
[23.91928844  0.53137978]
0.9986092307961258
0.9986090815548182
0.9986104635037792
0.9986095347431726
[23.9179516   0.53136972]
0.998609309563691
0.9986100698547079
[23.9179516   0.53136972]
0.9986097300593749
0.9986104660247888
[23.91869029  0.53137251]
0.9986104570883598
0.9986089036357354
0.9986095880689903
0.9986104061943994
[23.91869029  0.53137251]
0.9986087309698405
0.9986107329315749
[23.91858039  0.53137272]
0.9986094409094415
0.9986090806622281
0.9986106009090205
0.9986091526687264
[23.91858039  0.53137272]
0.9986093258374864
0.9986094338996307
[23.91858039  0.53137272]
0.9986107329315749
Phase:  [0.18664266 0.18660176 0.1864578  0.18671463]
Final Fidelity:  0.9986107329315749
Final Params:  [23.91858039  0.53137272]
