Optimizing ARP for b =  200.0
Optimizing Delta, T, and phases
0.9878325233508426
0.9878484825676824
0.9865686697087926
0.9889469994239126
0.9897152896443477
[24.725  0.486]
0.9897433411905742
0.9903076525801209
[27.3125  0.459 ]
0.9903701055468523
0.9839912560291477
[27.8875  0.405 ]
0.9873189985567732
0.9903495327251962
[27.8875  0.405 ]
0.9909873336652792
0.9900071659122444
[26.7375  0.405 ]
0.9867108899513886
0.9907160994023303
[26.7375  0.405 ]
0.9908207211461499
[26.7375  0.405 ]
0.9913787337404599
0.9908233139747413
[25.5875  0.405 ]
0.9900176405911791
0.9911331042135136
[25.5875  0.405 ]
0.9912013316548404
[25.5875  0.405 ]
0.9913304073114333
[25.5875  0.405 ]
0.9909349131587832
0.9913855000193558
[24.86875  0.41175]
0.9912191164928306
0.991422913398571
[24.8328125  0.4066875]
0.9912157468044533
0.9914242947830665
[25.21914063  0.40710938]
0.991389972754137
0.9914231107466216
[25.21914063  0.40710938]
0.9913912717771534
0.9914311407274795
[24.99733887  0.40623926]
0.9914211585667951
0.9914291151511914
[24.99733887  0.40623926]
0.9914145587136648
0.991424968933994
[24.99733887  0.40623926]
0.9914256247555713
0.9914290157559926
[24.99733887  0.40623926]
0.991431271768737
0.991424968933994
[25.09369278  0.40620712]
0.9914280492407905
0.9914309895109044
[25.09369278  0.40620712]
0.9914311381391141
0.9914313097993193
[25.03029108  0.40638562]
0.991429978184849
0.9914316966393991
[25.0296654   0.40626781]
0.9914304002207979
0.9914322010120518
[25.06183551  0.40626692]
0.9914321598127298
[25.06183551  0.40626692]
0.9914309662643421
0.9914315413305017
0.9914314955798854
0.9914323383488359
[25.04575045  0.40626737]
0.9914314688305619
0.9914315413077719
[25.04575045  0.40626737]
0.9914321498586
0.9914315125556501
0.9914307472439514
0.9914317453313576
[25.04575045  0.40626737]
0.9914316331856592
0.9914267343132708
0.9914310655562711
0.9914317793028504
[25.04575045  0.40626737]
0.9914313327039463
0.991432240155649
[25.04575045  0.40626737]
0.9914309556988827
0.9914313882250549
0.9914283680201776
0.9914320554916156
[25.04575045  0.40626737]
0.9914313090980191
0.9914317099682761
[25.04575045  0.40626737]
0.991431960749966
0.9914315618399592
0.9914322128527067
0.991432753360385
[25.0463135   0.40626689]
0.9914320436532932
0.9914318241721889
0.991431440882002
0.9914313730010006
[25.0463135   0.40626689]
0.9914318644338567
[25.0463135   0.40626689]
0.9914315293026938
0.9914323470052118
[25.0463135   0.40626689]
0.9914322739208392
0.9914324162332602
[25.0463135   0.40626689]
0.9914318690655723
0.9914324579373667
[25.0463135   0.40626689]
0.991432753360385
Phase:  [0.36848531 0.3687097  0.36867489]
Final Fidelity:  0.991432753360385
Final Params:  [25.0463135   0.40626689]
