Optimizing ARP for b =  200.0
Optimizing Delta, T, and phases
0.9942276853129779
0.9943675215662203
0.9937023600096887
0.9945263093410468
0.9945397313849123
[24.725  0.486]
0.994953720968639
0.9953487989476701
[27.3125  0.459 ]
0.9947464961424732
[27.3125  0.459 ]
0.9937787538405297
0.9951335565668948
[27.3125  0.459 ]
0.9946934996852823
0.995267245862413
[27.3125  0.459 ]
0.9953478868307702
[27.3125  0.459 ]
0.9953052193490955
0.9954013998245259
[28.175    0.45225]
0.9951393217540667
0.9954243772693508
[28.103125   0.4438125]
0.9953738915647985
0.9954149396725056
[28.103125   0.4438125]
0.9953787613601764
0.995417194144648
[28.103125   0.4438125]
0.9954035001020546
0.9954225612774729
[28.103125   0.4438125]
0.9954073519957847
0.9954190689323549
[28.103125   0.4438125]
0.9954180794738603
0.9954166540757727
0.9954164684904265
0.9954135331853201
[28.103125   0.4438125]
0.9954117074276496
0.9953788003710337
0.9954185389662528
0.9954155335625186
[28.103125   0.4438125]
0.9954192549962726
[28.103125   0.4438125]
0.9954184045881874
0.9954207646910922
[28.103125   0.4438125]
0.995420012085664
0.995423648938148
[28.103125   0.4438125]
0.995420390002477
0.995416979085092
0.9954219854438862
0.9954163304547614
[28.103125   0.4438125]
0.9954174148890313
0.9954157391902867
0.995412613078576
0.9953918811048136
[28.103125   0.4438125]
0.9954199625246098
[28.103125   0.4438125]
0.9954179250868348
0.9954194881849323
[28.103125   0.4438125]
0.9954211599100568
[28.103125   0.4438125]
0.9953785658731902
0.9954242807233816
[28.103125   0.4438125]
0.9954371112871988
0.9953954221396821
[28.09973907  0.44381485]
0.9954143351924917
0.9954188160541928
0.9954267944176859
0.9954200024895594
[28.09973907  0.44381485]
0.9953906273601305
0.9954186516454901
0.9954279778052051
0.9954192692380979
[28.09973907  0.44381485]
0.9954098937916416
0.9954225152289963
[28.09973907  0.44381485]
0.9954192257380323
0.9954178741817856
0.9954365111036795
0.9954181381658863
[28.09973907  0.44381485]
0.995424168621698
0.9954265531884819
[28.09973907  0.44381485]
0.9954158418673207
0.9954276759835479
[28.09973907  0.44381485]
0.9954379281868172
0.9954158418673207
[28.09992875  0.44381527]
0.9954152547576537
0.9954370260724942
[28.09992875  0.44381527]
0.99541475453808
0.9954372514969029
[28.09992875  0.44381527]
0.9954148511548279
0.9954373557349051
[28.09992875  0.44381527]
0.9954379281868172
Phase:  [0.50460198 0.50397312 0.50447451 0.50457663 0.50425434]
Final Fidelity:  0.9954379281868172
Final Params:  [28.09992875  0.44381527]
