Optimizing ARP for b =  400.0
Optimizing Delta, T, and phases
0.9966314481675587
0.9966536966878072
0.9962569802962424
0.9968948455047049
0.9968405685456472
[24.15   0.513]
0.9968294551300716
[24.15   0.513]
0.9968807339924975
[24.15   0.513]
0.9967449066569054
0.9968858541000909
[24.15   0.513]
0.9967360917035515
0.9969057843050485
[24.940625   0.4978125]
0.996911801030877
0.9968927814388673
[24.078125   0.5045625]
0.9968800456798979
0.9969090808006575
[24.078125   0.5045625]
0.9969036955296527
0.9969104213835989
[24.078125   0.5045625]
0.9969041264360763
0.9969121493466858
[24.32744141  0.50514258]
0.9969125268550209
0.9969083904578881
[23.83330078  0.50788477]
0.9969109700577201
0.9969128587706673
[24.07924805  0.50553809]
0.9969088357002607
0.9969130460135678
[24.14185791  0.505927  ]
0.9969120460481575
0.9969133777839068
[23.97192688  0.50680865]
0.9969126627727742
0.9969131448818853
[23.97192688  0.50680865]
0.9969127430425582
0.9969130238749888
0.9969132850896572
0.9969132653683596
[23.97192688  0.50680865]
0.9969111630757432
0.9969130949133833
0.9969108114131364
0.9969130455461392
[23.97192688  0.50680865]
0.9969129714530911
0.9969095065039906
0.9969134079495374
0.996912824066875
[23.99316826  0.50669845]
0.9969131257565906
0.9969127996869178
0.9969130773431856
0.9969128602056927
[23.99316826  0.50669845]
0.9969126545818583
0.9969131888155831
[23.99316826  0.50669845]
0.996911013703988
0.9969135218521579
[23.98661765  0.50672965]
0.996913125841618
0.9969131449916978
0.996912808710128
0.996912987896071
[23.98661765  0.50672965]
0.9969128965552758
0.9969125161239514
0.9969134604077527
0.9969132891500564
[23.98661765  0.50672965]
0.9969111407816891
0.9969107809208594
0.9969131502609154
0.9969131500051494
[23.98661765  0.50672965]
0.9969130462179487
0.996912786116961
0.9969133074912387
0.9969129938691619
[23.98661765  0.50672965]
0.9969127765478579
0.9969134059922995
[23.98661765  0.50672965]
0.9969129603556208
0.9969131279258037
0.9969127686758442
0.9969130203716785
[23.98661765  0.50672965]
0.9969124952549644
0.9969128366187712
[23.98661765  0.50672965]
0.9969135218521579
Phase:  [0.22910811 0.22906716 0.22902003]
Final Fidelity:  0.9969135218521579
Final Params:  [23.98661765  0.50672965]
