Optimizing ARP for b =  500.0
Optimizing Delta, T, and phases
0.9981227158468707
0.9981733418581598
0.997871566236176
0.9981409047676653
[24.15  0.54]
0.9981509195430901
[24.15  0.54]
0.9981176851340998
0.9981918409528097
[24.4375   0.51975]
0.9981006192288576
0.9981870656690944
[24.4375   0.51975]
0.9980960471210742
0.9981997354624805
[24.38359375  0.53029688]
0.9982092841497093
0.9982019782482701
[24.02421875  0.52860938]
0.9981802988934318
0.9982049250448121
[24.02421875  0.52860938]
0.9982008162080191
0.9982062232009868
[24.02421875  0.52860938]
0.9982022642167228
0.9982075661493873
[24.02421875  0.52860938]
0.9982084512260997
[24.02421875  0.52860938]
0.9982041556240024
0.9982084244579166
[24.02421875  0.52860938]
0.9982067241777925
0.9982080465082137
0.9982094433142069
0.9982099805951764
[24.07847595  0.52797821]
0.9982030620457681
0.9982094819695522
[24.07847595  0.52797821]
0.998209420155467
0.9982085087093822
0.998209598184516
0.9982078788628316
[24.07847595  0.52797821]
0.9982096390473394
[24.07847595  0.52797821]
0.9982089760379467
0.9982107498709438
[24.06818209  0.52806303]
0.9982095694128867
0.9982088639544306
0.9982093500099797
0.9982084846501722
[24.06818209  0.52806303]
0.9982095361597365
[24.06818209  0.52806303]
0.9982084948395491
0.9982097445663268
[24.06818209  0.52806303]
0.9982096021880016
0.9982094110031764
0.9982090572038024
0.9982093488977677
[24.06818209  0.52806303]
0.9982079707105016
0.9982092103469422
[24.06818209  0.52806303]
0.9982094877914316
[24.06818209  0.52806303]
0.998211035756138
0.9982096108554428
[24.06613135  0.52804541]
0.998209439924959
0.9982089447746918
0.9982099230416285
0.9982105102550856
[24.06613135  0.52804541]
0.9982093607503539
0.9982094632071694
0.9982088661041219
0.9982092080498162
[24.06613135  0.52804541]
0.9982089341706302
0.9982096117732133
[24.06613135  0.52804541]
0.9982091050672781
0.9982100023375094
[24.06613135  0.52804541]
0.9982103596238846
[24.06613135  0.52804541]
0.9982096156513522
0.9982096647543119
0.9982094951262488
0.9982091722813591
[24.06613135  0.52804541]
0.9982096743840307
[24.06613135  0.52804541]
0.9982102090660486
[24.06613135  0.52804541]
0.9982103589482954
[24.06613135  0.52804541]
0.998208926897561
0.9982094267795811
0.9982088090295442
0.9982106127849582
[24.06613135  0.52804541]
0.998211035756138
Phase:  [0.22262044 0.22299563 0.22266691 0.22274777]
Final Fidelity:  0.998211035756138
Final Params:  [24.06613135  0.52804541]
