Optimizing ARP for b =  110.0
Optimizing Delta, T, and phases
0.8092992214278698
0.8167043977847266
0.7998285873250695
0.828763616137003
0.8472947203182148
[24.725  0.486]
0.8570213111503916
0.8833696047347974
[27.3125  0.459 ]
0.9125960708500954
0.9340642507178135
[29.75625  0.3375 ]
0.927900490764783
[29.75625  0.3375 ]
0.8168253227036697
0.9236663006415975
[29.75625  0.3375 ]
0.8851435442240574
0.9328678945741308
[29.75625  0.3375 ]
0.9174107706323552
0.9334962735560262
[29.75625  0.3375 ]
0.9292016201565216
0.9340404839448481
[29.75625  0.3375 ]
0.9313807288214131
0.9341727995551924
[30.57944336  0.33528516]
0.9337035552036103
0.9341729590540997
[30.22484131  0.3409541 ]
0.9342264720522622
0.9340120562031208
[31.04803467  0.33873926]
0.9342550921140441
0.9341447695729688
[30.69343262  0.3444082 ]
0.9342217239865567
0.9342869831611934
[31.19367981  0.34188354]
0.9342295809694234
0.9342894443779111
[30.89131699  0.34534918]
0.9342739850530701
0.9343080591997305
[31.21703129  0.34322044]
0.9342734560196957
0.9343114069177971
[31.12392697  0.34308418]
0.9341984537163692
0.9343170308955915
[31.03089806  0.34425075]
0.9343082297075074
0.9343153680394788
[31.03089806  0.34425075]
0.9342975282122606
0.9343170693607409
[31.07158878  0.34357752]
0.9343193036658513
0.9343197734434627
[31.138524    0.34396045]
0.9343118339949533
0.9343179824849301
[31.138524    0.34396045]
0.9343221215360812
0.934324275382602
[31.16657428  0.34480044]
0.9343235072283823
[31.16657428  0.34480044]
0.9343287551080519
0.9343319863096027
[31.32849499  0.3464063 ]
0.9343304430501846
[31.32849499  0.3464063 ]
0.9343370515478261
0.9343410859143823
[31.54651625  0.34969214]
0.9343418987919713
0.9343449598581595
[31.79662044  0.35123623]
0.9343560325954441
0.9343763286475741
[32.35771505  0.35857995]
0.9343885658886291
0.9344526391903089
[33.13847073  0.36533999]
0.9345893973749513
0.9348147543939483
[34.6510378   0.38340745]
0.9349600147209967
0.9349894350258064
[36.96883268  0.40596127]
0.9347513841342184
0.934923386771937
[36.96883268  0.40596127]
0.9347058308649734
0.9349764796357277
[36.96883268  0.40596127]
0.9349958504289705
0.9348782268938889
[35.67730913  0.39213791]
0.9350448262977672
0.9350425790843655
[36.79199787  0.402566  ]
0.9349868339054641
0.9350249136094813
[36.79199787  0.402566  ]
0.9349598506456698
0.9350326560525808
[36.79199787  0.402566  ]
0.9350579341392897
0.9350663337576335
[36.26514533  0.39622268]
0.9350772768095991
0.9350768787192444
[36.8700534   0.40166407]
0.9350882601035171
0.935071970636624
[36.34320086  0.39532076]
0.9350990850361841
0.9350912771918529
[36.94810893  0.40076215]
0.9350991188044446
0.9350689597710122
[36.42125639  0.39441883]
0.9351101740892919
0.9350942001183784
[37.02616445  0.39986022]
0.9350975172521604
0.9351071820623432
[37.02616445  0.39986022]
0.9350792574660852
0.9351099650400595
[37.02616445  0.39986022]
0.9351142754443874
0.9351139120078573
[36.86640151  0.39782157]
0.9351051520210331
0.935112820252585
[36.86640151  0.39782157]
0.9351102295331459
0.935113051539982
[36.86640151  0.39782157]
0.935113648386762
[36.86640151  0.39782157]
0.9351140812891252
[36.86640151  0.39782157]
0.9351132674237247
0.9351133487962294
0.9351143409416952
0.9351142795260894
[36.89399483  0.39779408]
0.9351139736308793
0.9351142619698112
0.9351143017082397
0.935114325844762
[36.89399483  0.39779408]
0.9351141497130998
0.9351142214363886
0.9351142522391632
0.9351134334310114
[36.89399483  0.39779408]
0.9351142780980068
[36.89399483  0.39779408]
0.9351142711243385
0.9351144634911172
[36.90363945  0.3978875 ]
0.935114323172357
0.9351142626946967
0.9351142944687592
0.9351142802345794
[36.90363945  0.3978875 ]
0.9351142128859231
0.9351143302849237
[36.90363945  0.3978875 ]
0.9351137790858715
0.9351144055100177
[36.90363945  0.3978875 ]
0.9351143170815448
0.9351142084648043
0.9351143143438623
0.9351143163716704
[36.90363945  0.3978875 ]
0.9351142865219606
0.9351144358891729
[36.90363945  0.3978875 ]
0.935114216140859
0.9351142976020912
0.9351143518807121
0.9351142643381402
[36.90363945  0.3978875 ]
0.935114250299148
0.9351141998519285
0.9351142206836498
0.9351144142700117
[36.90363945  0.3978875 ]
0.9351142211819378
0.935114328507343
[36.90363945  0.3978875 ]
0.9351142821871868
0.9351144327872877
[36.90363945  0.3978875 ]
0.9351142701120568
0.9351142906439216
0.9351144470185155
0.9351142981114812
[36.90363945  0.3978875 ]
0.9351144634911172
Phase:  [-2.06982429  0.6446491   0.64483377]
Final Fidelity:  0.9351144634911172
Final Params:  [36.90363945  0.3978875 ]
