Optimizing ARP for b =  70.0
Optimizing Delta, T, and phases
0.985536696893319
0.9858929986477387
0.9827009540199829
0.9877992685370789
0.9888032241812783
[24.725  0.486]
0.9885388614246716
[24.725  0.486]
0.9865895278740664
0.9882775334620907
[24.725  0.486]
0.987867245713607
0.9886414415886883
[24.725  0.486]
0.9890715162027744
0.9893377646860728
[23.71875  0.46575]
0.9891743107461269
[23.71875  0.46575]
0.9890847296857932
0.989438137275861
[22.56875  0.46575]
0.9894343088484937
[22.56875  0.46575]
0.9892531872049686
0.9894322880265561
[22.56875  0.46575]
0.9894275936329249
0.9894624293967589
[23.1796875  0.4606875]
0.9893242327566227
0.9894703061740602
[23.15273437  0.45773437]
0.9893624708276638
0.9894667597034853
[23.15273437  0.45773437]
0.9894694966564818
[23.15273437  0.45773437]
0.9894680792804113
0.9894719844659856
[23.06120605  0.45670605]
0.989448415844278
0.9894744610885933
[22.97374878  0.45837378]
0.9894695979741435
0.9894730961970474
[22.97374878  0.45837378]
0.9894746230581085
0.9894727770386372
[22.99764862  0.45930487]
0.9894724564773311
0.9894746782481086
[23.0354023   0.45823824]
0.989473234837468
0.9894748857840925
[22.99513712  0.45857267]
0.9894741617791706
0.9894745884640731
0.9894748704065763
0.9894746737386175
[22.99513712  0.45857267]
0.9894745039430973
0.989474736709614
[22.99513712  0.45857267]
0.9894749474671417
0.9894745033355213
[23.00960869  0.4582642 ]
0.9894748251354522
0.989474507381485
0.9894746090024732
0.9894748772048173
[23.00960869  0.4582642 ]
0.9894744180983014
0.9894747944042854
[23.00960869  0.4582642 ]
0.9894745115984703
0.9894746992925251
0.9894747670734976
0.9894748873293152
[23.00960869  0.4582642 ]
0.989475150369172
0.9894744094173976
[23.0067383   0.45827628]
0.9894739118147113
0.9894744564680414
0.9894744953701051
0.9894747535068523
[23.0067383   0.45827628]
0.9894745642109732
0.9894745957891796
[23.0067383   0.45827628]
0.9894748471832561
[23.0067383   0.45827628]
0.9894747473227268
0.989474678864322
0.9894747925086641
0.9894749634011569
[23.0067383   0.45827628]
0.9894746604445482
0.9894746600395739
0.9894746236659848
0.9894748703088485
[23.0067383   0.45827628]
0.9894746257227134
0.9894745476341303
0.9894750306791223
0.9894750415232424
[23.0067383   0.45827628]
0.9894747679614236
0.989474944821755
0.9894750503999793
0.989475256905174
[23.0067942   0.45827636]
0.989475256905174
Phase:  [1.34412822 0.10898859 0.1091745  0.10920223]
Final Fidelity:  0.989475256905174
Final Params:  [23.0067942   0.45827636]
