Optimizing ARP for b =  150.0
Optimizing Delta, T, and phases
0.8238380838918157
0.8313550645332982
0.8159447161331215
0.8418243530474913
0.8586575805339947
[24.725  0.486]
0.8680419372739298
0.8918593424823096
[27.3125  0.459 ]
0.91730874617765
0.9350371660062259
[29.75625  0.3375 ]
0.9276158061455385
[29.75625  0.3375 ]
0.8157602980844951
0.9269705601702939
[29.75625  0.3375 ]
0.8839163753323652
0.9344393839720528
[29.75625  0.3375 ]
0.9213876947112001
0.9338877721007609
[29.75625  0.3375 ]
0.9307828065975035
0.9350577379763992
[30.53789063  0.33834375]
0.9324675411443774
0.9350322867769666
[30.53789063  0.33834375]
0.9343249525713451
0.9351384219129583
[30.13920898  0.34287891]
0.9351705279932118
0.9351070476180822
[30.92084961  0.34372266]
0.9351725184854884
0.9350282407266888
[30.52216797  0.34825781]
0.9352230961317356
0.9351562030525993
[31.30380859  0.34910156]
0.9351836080147189
[31.30380859  0.34910156]
0.9352564010807768
0.9352088781140048
[31.68676758  0.35448047]
0.9349689713069592
0.9352543374406869
[31.68676758  0.35448047]
0.9352753772094559
0.9352632928537182
[31.5831665   0.35809277]
0.9352957203274499
0.9353202202577829
[32.50448608  0.36343213]
0.9353671770723982
0.9354333520781083
[32.75794373  0.37332642]
0.9356315292716297
0.9359015370446507
[34.72731171  0.38895227]
0.935823312907695
[34.72731171  0.38895227]
0.936005789600427
0.9358265470565257
[36.95013733  0.41447241]
0.936118502775802
0.9360074124158717
[36.69667969  0.40457813]
0.9358277131707101
0.9360688974023061
[36.69667969  0.40457813]
0.9359527413173374
0.9360793083791121
[36.69667969  0.40457813]
0.9360473024670641
0.9361011985840927
[36.69667969  0.40457813]
0.9361079069356654
[36.69667969  0.40457813]
0.9360813851778738
0.9361173706519423
[36.69667969  0.40457813]
0.9361015131262967
0.936117969197886
[36.69667969  0.40457813]
0.9361142909466218
0.9361204668929939
[36.45811119  0.4026525 ]
0.9361154148391437
0.936120823228968
[36.49892035  0.40247349]
0.9361148956615938
0.936120930639168
[36.58759773  0.40357056]
0.936119614680963
0.9361209135415748
[36.58759773  0.40357056]
0.9361199211987877
0.9361210650234005
[36.52153088  0.4028387 ]
0.9361208571988929
0.9361211249181198
[36.52762471  0.40302094]
0.9361207307719885
0.9361211740819099
[36.55608776  0.40325019]
0.9361211479380404
[36.55608776  0.40325019]
0.9361209024963495
0.9361212286489221
[36.54337969  0.40318113]
0.9361210899614933
0.9361202943057519
0.9361211977938118
0.9361211313292019
[36.54337969  0.40318113]
0.9361206494859025
0.9361210738462041
0.9361211295135786
0.9361211265220756
[36.54337969  0.40318113]
0.9361211398927851
[36.54337969  0.40318113]
0.9361212003251563
[36.54337969  0.40318113]
0.9361209961709825
0.9361211781014688
[36.54337969  0.40318113]
0.9361210371873321
0.9361210669435968
0.936121295512647
0.9361211251897468
[36.54102946  0.40314972]
0.9361211362811988
0.9361210743709459
0.9361212230722806
0.9361210791835957
[36.54102946  0.40314972]
0.9361211726502872
0.9361211406494226
0.9361211505950213
0.9361211156700905
[36.54102946  0.40314972]
0.9361210547457034
0.9361210727504845
0.9361212726613932
0.936121222337682
[36.54102946  0.40314972]
0.936121075848012
0.9361211673989528
0.9361211354892865
0.9361205497506101
[36.54102946  0.40314972]
0.9361211871614867
[36.54102946  0.40314972]
0.9361211462852904
0.9361212007706639
[36.54102946  0.40314972]
0.936121295512647
Phase:  [3.98614278 0.53035016 0.53026085]
Final Fidelity:  0.936121295512647
Final Params:  [36.54102946  0.40314972]
