Optimizing ARP for b =  70.0
Optimizing Delta, T, and phases
0.9958415998688235
0.9956471673071196
0.9959809430146146
0.9960048788210066
0.995914094637073
[21.85   0.567]
0.9959138412688971
0.9959838292809445
[21.85   0.567]
0.995946135073484
0.9960026011928538
[21.85   0.567]
0.9959918223071803
0.9960059009219788
[22.19140625  0.56278125]
0.9959811487119512
0.9960083808347837
[22.25878906  0.56763281]
0.995998677613877
0.9960081521531706
[22.25878906  0.56763281]
0.9960068448323243
0.9960085309505563
[22.12655029  0.56891162]
0.9960055491365596
0.9960079979328251
0.9960083213786046
0.9960088872803345
[22.08204956  0.56750757]
0.9960083060067666
0.9960089402990885
[22.1484848   0.56824091]
0.9960089668036856
0.996008327237001
[22.10398407  0.56683685]
0.996009539142413
0.996008828220705
[22.17041931  0.56757019]
0.9960087437815521
0.996008649871684
0.996008883564787
0.9960088587275499
[22.17041931  0.56757019]
0.9960088568819688
0.9960087649240168
0.9960090748093059
0.996008920130519
[22.17041931  0.56757019]
0.99600849832446
0.9960088890188985
0.9960089312081044
0.996008932582754
[22.17041931  0.56757019]
0.9960087321721748
0.9960104036272931
[22.16558166  0.56754532]
0.996008531656712
0.9960087525553551
0.9960099189606857
0.9960089131261677
[22.16558166  0.56754532]
0.9960085322522034
0.9960090608385319
[22.16558166  0.56754532]
0.9960090171935837
0.9960097810175043
[22.16558166  0.56754532]
0.996010428391299
0.9960090174775159
[22.16683144  0.5675395 ]
0.9960089416761313
0.9960101127228986
[22.16683144  0.5675395 ]
0.9960105425371564
0.9960089415198217
[22.16530958  0.56753474]
0.9960089101066499
0.9960103244807446
0.9960105497967473
0.9960104519022639
[22.16607051  0.56753712]
0.9960088207102032
0.9960105382891368
[22.16607051  0.56753712]
0.9960106226042342
0.9960088212548257
[22.16581226  0.56753388]
0.9960105003318869
0.9960105338995442
0.9960105261208531
0.9960106303362278
[22.16556092  0.56753431]
0.9960088803871816
0.9960105654522559
[22.16556092  0.56753431]
0.9960106086749843
0.9960106232224203
[22.16556092  0.56753431]
0.9960105904930449
0.996010559180172
0.9960107185408559
0.9960105669727956
[22.16559191  0.56753402]
0.9960107185408559
Phase:  [ 1.71922732 -0.00652016 -0.00706762 -0.00699187 -0.00708203]
Final Fidelity:  0.9960107185408559
Final Params:  [22.16559191  0.56753402]
