Optimizing ARP for b =  30.0
Optimizing Delta, T, and phases
0.6619232469026116
0.6593827528796712
0.7046976837696085
0.7274790998204719
0.7386904738292611
[20.7     0.5805]
0.6935736041197164
0.6932561369121328
0.7185882312007795
0.7278943351512303
[20.7     0.5805]
0.7553541968843667
0.7696995867536316
[20.125     0.563625]
0.7907443759281417
0.8282215805134909
[17.5375     0.5956875]
0.859035076896906
0.9098469009016689
[15.09375     0.57796875]
0.9266731192098826
0.8351950610769023
[12.50625     0.61003125]
0.9126577775119666
[12.50625     0.61003125]
0.856608048332179
0.9396602313670841
[13.1890625   0.58957031]
0.881225366715027
0.9461112530642817
[11.45507813  0.59605664]
0.9309339693852702
0.944854327744459
[11.45507813  0.59605664]
0.9241813800415843
0.9459309639074119
[11.45507813  0.59605664]
0.9424913187097691
0.9469070930064646
[12.10770874  0.58857907]
0.942622166493287
0.9471736470750619
[12.14859467  0.59108416]
0.9442862401654275
0.9471642932429181
[12.14859467  0.59108416]
0.9467224744336465
0.9472271087051335
[12.03890676  0.59029661]
0.9465931208857162
0.9473038115731346
[11.94268281  0.59181726]
0.9470110255236763
0.9472768704112552
[11.94268281  0.59181726]
0.9472658855626803
0.947302059886557
[11.94268281  0.59181726]
0.947251602509249
0.9473046793708156
[12.01797551  0.59149397]
0.9472940858126916
0.947309526626888
[11.98507947  0.59183658]
0.9472753625614672
0.9473109385091004
[11.97210515  0.59174127]
0.947304528890823
0.9473091836626351
[11.97210515  0.59174127]
0.9473092864017462
0.9473107002960323
[11.97210515  0.59174127]
0.9473074546376983
0.947308979152568
0.9473124525847357
0.9473107782018229
[11.97042583  0.59180196]
0.9473093396789769
0.9473104266859379
0.9473108930975364
0.9473109379438656
[11.97042583  0.59180196]
0.9473105238344959
0.9473125643759381
[11.97186647  0.59178516]
0.9473106163737773
0.9473102873209043
0.9473127875045032
0.9473088817567955
[11.97114615  0.59179356]
0.9473108683119243
0.9473106811186395
0.9473133283903383
0.9473115244087924
[11.97150631  0.59178936]
0.9473106153940251
0.9473120034169367
[11.97150631  0.59178936]
0.9473107991974111
0.94731262147798
[11.97150631  0.59178936]
0.9473124289455153
0.9473129269405849
[11.97150631  0.59178936]
0.9473125642726086
0.9473121666795944
0.9473132121769513
0.9473124247868644
[11.97150631  0.59178936]
0.9473129225945032
0.9473131304057424
[11.97150631  0.59178936]
0.9473133283903383
Phase:  [-0.88736611 -0.02401072 -0.02407948 -0.02416779]
Final Fidelity:  0.9473133283903383
Final Params:  [11.97150631  0.59178936]
