Optimizing ARP for b =  130.0
Optimizing Delta, T, and phases
0.9965134239462782
0.9960302790333434
0.9969536646899585
0.9971719881347064
0.9972708751829326
[20.7     0.5805]
0.9975375671613544
0.9976509045944297
[19.55     0.64125]
0.9968347008570516
0.9973979903689123
[19.55     0.64125]
0.9976060237224778
[19.55     0.64125]
0.9975834362113982
0.9976410454134343
[19.55     0.64125]
0.9975828131036709
0.9976483625073838
[19.55     0.64125]
0.9975996692614966
0.997657635636682
[19.45566406  0.66057715]
0.9976424716163234
0.997658882290046
[19.69711914  0.65225171]
0.9976288328173968
0.9976620505041274
[19.5631958   0.64883221]
0.9976538109328339
0.9976607676933306
[19.5631958   0.64883221]
0.9976624667793743
0.997659162134531
[19.40898743  0.65214006]
0.9976556081423943
0.9976626423274165
[19.51450119  0.65302285]
0.9976624214688575
0.997662893386484
[19.41101856  0.65445607]
0.9976616707516031
0.9976631249318586
[19.43587365  0.65293976]
0.9976621403950369
0.9976630045293089
[19.43587365  0.65293976]
0.99766295089235
0.9976629880049092
[19.43587365  0.65293976]
0.9976630607231166
[19.43587365  0.65293976]
0.9976627921938586
0.997663041860904
[19.43587365  0.65293976]
0.9976630852873669
[19.43587365  0.65293976]
0.9976629762255151
0.9976627560662362
0.997663051288611
0.9976630583737685
[19.43587365  0.65293976]
0.9976629226156953
0.9976629729306095
0.9976630880943411
0.9976628503340472
[19.43587365  0.65293976]
0.9976631833590652
0.9976632189808619
[19.44414865  0.65304492]
0.997663778263144
0.9976630481862991
[19.44518679  0.65282909]
0.9976627664678893
0.9976630243764812
0.9976629678861788
0.9976634174888577
[19.44518679  0.65282909]
0.9976642371073258
0.9976630380921039
[19.44104929  0.65277651]
0.9976631004487752
0.9976636892052391
[19.44104929  0.65277651]
0.9976643836914473
0.9976631000373587
[19.44441195  0.65276199]
0.9976629297149101
0.9976639766800416
[19.44441195  0.65276199]
0.9976630752584961
0.997664126911572
[19.44441195  0.65276199]
0.9976632178065901
0.99766413864033
[19.44441195  0.65276199]
0.9976643679328124
[19.44441195  0.65276199]
0.9976643669619911
0.9976643592858571
0.9976645008563549
0.9976642898331003
[19.44341777  0.65276188]
0.9976642673555152
0.9976642860559872
0.9976642044145634
0.9976642039898262
[19.44341777  0.65276188]
0.9976643198144539
[19.44341777  0.65276188]
0.997664269881382
0.9976642895283357
[19.44341777  0.65276188]
0.9976643818925284
[19.44341777  0.65276188]
0.9976643315069933
0.9976643128450932
0.9976643604300052
0.9976643742157605
[19.44341777  0.65276188]
0.9976643640112905
0.9976644010606284
[19.44341777  0.65276188]
0.9976643968208517
0.9976644887207964
[19.44341777  0.65276188]
0.9976642589437346
0.9976644463703606
[19.44341777  0.65276188]
0.9976645008563549
Phase:  [1.02526827 0.00932161 0.00905418 0.00916281 0.00906474]
Final Fidelity:  0.9976645008563549
Final Params:  [19.44341777  0.65276188]
