Optimizing ARP for b =  110.0
Optimizing Delta, T, and phases
0.9935410292628686
0.993335359234422
0.9931899852998196
0.9932205713933747
0.9934053249983078
[23.    0.54]
0.9936719302298244
0.9938635898875476
[21.99375  0.51975]
0.9937965734199563
[21.99375  0.51975]
0.9941395274366726
0.9890583870588042
[20.125  0.513]
0.994015866360306
[20.125  0.513]
0.9891840312584753
0.9940715774080916
[20.125  0.513]
0.9939764473949999
0.9941271583190447
[20.125  0.513]
0.9936735262741447
0.9941338126192459
[20.125  0.513]
0.9941228944684595
0.9941467428868678
[20.67304687  0.50920312]
0.9940680800505322
0.9941506173787574
[20.63935547  0.51120703]
0.9941092301080087
0.994150840052979
[20.39060059  0.51160254]
0.9941505326348136
0.9941526203613607
[20.4359436   0.51250562]
0.9941441517596019
0.9941526214764044
[20.52631378  0.51163055]
0.9941503129226763
0.9941523086018479
[20.52631378  0.51163055]
0.9941519638859849
0.9941525776623095
[20.52631378  0.51163055]
0.9941524194485098
0.9941528265638523
[20.46981268  0.51200989]
0.9941521074840569
0.9941527595583743
[20.46981268  0.51200989]
0.9941525930548435
0.9941527033353055
[20.46981268  0.51200989]
0.9941525533360422
0.9941529439344959
[20.48288448  0.51197244]
0.9941527506331385
0.9941518835899463
0.9941527554293427
0.9941527145575558
[20.48288448  0.51197244]
0.9941526472352152
0.9941510926029274
0.9941527417187388
0.9941526927222757
[20.48288448  0.51197244]
0.9941531285085651
0.9941526513938286
[20.4835868   0.51193419]
0.9941529411454703
0.9941529518279872
[20.4835868   0.51193419]
0.9941518210128945
0.9941527045093219
0.9941519057673422
0.9941530041458376
[20.4835868   0.51193419]
0.9941527684838787
0.9941527337788769
0.9941530902273604
0.9941530188984363
[20.4835868   0.51193419]
0.994152692182934
0.9941512852752898
0.9941528948700731
0.9941526404244727
[20.4835868   0.51193419]
0.9941516925696947
0.9941527473159907
[20.4835868   0.51193419]
0.9941531285085651
Phase:  [0.93074789 0.08871743 0.08875631 0.08874347]
Final Fidelity:  0.9941531285085651
Final Params:  [20.4835868   0.51193419]
