Optimizing ARP for b =  70.0
Optimizing Delta, T, and phases
0.7595352140922389
0.7654587416168351
0.7449304008838405
0.782687421669161
0.8062499563922418
[24.725  0.486]
0.8160048361226608
0.8502801159759825
[27.3125  0.459 ]
0.893516739624984
0.9291384775681253
[29.75625  0.3375 ]
0.9265522057489809
[29.75625  0.3375 ]
0.8177296413170392
0.9099202441665675
[29.75625  0.3375 ]
0.8862232200425701
0.9256697759904043
[29.75625  0.3375 ]
0.9183852886505675
0.9295641054420916
[30.5828125  0.340875 ]
0.9133775936930015
0.9301443750290327
[31.25664063  0.32484375]
0.9298965457217188
[31.25664063  0.32484375]
0.9263246014827745
0.9303425802885628
[31.12636719  0.33370312]
0.9302139055259394
[31.12636719  0.33370312]
0.9293494421200541
0.9303559280388469
[30.98486328  0.32842969]
0.930243056540847
0.930348253528447
[30.98486328  0.32842969]
0.9302125497316863
0.9303720976690384
[31.16777954  0.33181787]
0.9303524217363742
0.9303675372791179
[31.16777954  0.33181787]
0.9303537386699979
0.9303689443623733
[31.16777954  0.33181787]
0.9303694764326202
[31.16777954  0.33181787]
0.9303533649783542
0.9303735586421742
[31.11606455  0.33069418]
0.9303721514984682
[31.11606455  0.33069418]
0.9303692272833007
0.9303735305267803
[31.11606455  0.33069418]
0.9303712164784829
0.9303735040793942
[31.11606455  0.33069418]
0.9303733757275562
0.93037368769227
[31.0875756   0.33088136]
0.9303720664684221
0.930373870829183
[31.10798542  0.33101335]
0.9303727545025101
0.9303737415952336
[31.10798542  0.33101335]
0.9303738656524239
[31.10798542  0.33101335]
0.9303737414931216
0.9303740994040225
[31.11229071  0.33090191]
0.9303738002144712
0.9303738301333647
0.9303739265310009
0.9303738406760661
[31.11229071  0.33090191]
0.9303736999463624
0.9303737778446833
0.930373922698039
0.9303739026977995
[31.11229071  0.33090191]
0.9303738638190522
0.930374021623072
[31.11229071  0.33090191]
0.9303739474259606
0.9303738647958936
0.9303737820212965
0.9303738848783497
[31.11229071  0.33090191]
0.9303738181183742
0.9303739055610972
[31.11229071  0.33090191]
0.9303741587578361
0.9303739356030793
[31.11202246  0.33089509]
0.9303739040193687
0.9303741348927176
[31.11202246  0.33089509]
0.9303738310184565
0.9303737602881412
0.930373908801955
0.9303740026878498
[31.11202246  0.33089509]
0.9303739329641509
0.930373886573787
0.9303738412835091
0.9303729174761493
[31.11202246  0.33089509]
0.9303741587578361
Phase:  [-1.80745963  0.75742146  0.75759546]
Final Fidelity:  0.9303741587578361
Final Params:  [31.11202246  0.33089509]
