Optimizing ARP for b =  90.0
Optimizing Delta, T, and phases
0.9912089029590789
0.9912172216152417
0.9901648828625282
0.991655741743759
0.9913423283816628
[24.15   0.513]
0.9913579453221651
[24.15   0.513]
0.9910333258585915
0.9914600900747922
[24.15   0.513]
0.9915655779327593
[24.15   0.513]
0.9918486960707981
0.9920532622011095
[22.28125  0.50625]
0.9920303211391226
[22.28125  0.50625]
0.9920955945708443
0.9867484000394396
[21.275  0.486]
0.9921144592456246
0.990486407892859
[20.4125  0.4995]
0.9858111143190883
0.9922297748188661
[21.5625  0.4995]
0.9919088153193742
0.9922200837882587
[21.5625  0.4995]
0.9922255687312269
[21.5625  0.4995]
0.9920884563034293
0.9922723629666016
[21.5265625  0.4944375]
0.9922019518823227
0.9922548275073558
[21.5265625  0.4944375]
0.9922686683283988
[21.5265625  0.4944375]
0.9922416018354915
0.9922706202091193
[21.5265625  0.4944375]
0.9922495440282738
0.9922742156724008
[21.77194824  0.49187988]
0.9922704901564932
0.9922737309555354
[21.77194824  0.49187988]
0.9922642966104184
0.9922746541516859
[21.63834076  0.49351959]
0.9922751611103567
0.9922736529274117
[21.68199921  0.49207599]
0.9922736361588731
0.9922753313114747
[21.71605911  0.49233884]
0.9922729467432313
0.9922755754646522
[21.66868496  0.4928635 ]
0.9922749809911177
0.9922753275530224
[21.66868496  0.4928635 ]
0.992273570370295
0.9922751665371013
0.9922742989964386
0.992275447161141
[21.66868496  0.4928635 ]
0.9922751498178651
0.9922754017115387
[21.66868496  0.4928635 ]
0.992275553126167
[21.66868496  0.4928635 ]
0.992275277731395
0.9922751060528713
0.9922753423364188
0.9922754155417228
[21.66868496  0.4928635 ]
0.9922752384497311
0.9922752996269385
0.9922754688449476
0.9922752578121042
[21.66868496  0.4928635 ]
0.9922753639590278
0.9922752553229559
0.9922751325003559
0.9922752335028874
[21.66868496  0.4928635 ]
0.9922752093564025
0.9922753382156663
[21.66868496  0.4928635 ]
0.9922752914900879
0.9922755426745966
[21.66868496  0.4928635 ]
0.9922755274845774
0.9922754775595201
0.9922754408808976
0.9922754792044451
[21.66868496  0.4928635 ]
0.9922753274053051
0.9922738956107859
0.9922755273257337
0.9922739215518959
[21.66868496  0.4928635 ]
0.9922752722271121
0.9922752507938486
0.9922755503268754
0.9922752388183997
[21.66868496  0.4928635 ]
0.9922755754646522
Phase:  [1.10069295 0.09797883 0.09807598 0.09814953]
Final Fidelity:  0.9922755754646522
Final Params:  [21.66868496  0.4928635 ]
