Optimizing ARP for b =  170.0
Optimizing Delta, T, and phases
0.9957600634161266
0.9953264737572108
0.9959894779769325
0.9961834834208942
0.9961986022330713
[20.7     0.5805]
0.9962444787437638
0.9960641670155977
[20.7     0.6075]
0.9957410275525292
0.9962188046514197
[20.7     0.6075]
0.9961597938087132
0.9962514318612115
[20.9875   0.58725]
0.9961915898361845
0.9962550626607569
[21.346875   0.5889375]
0.9962031032578265
0.9962590166457654
[20.93359375  0.59779688]
0.9962470393287888
0.996258389514464
[20.93359375  0.59779688]
0.9962512288421085
0.9962592137480097
[21.17280273  0.59149512]
0.9962570125920751
0.9962598465456106
[21.05853271  0.59247729]
0.9962544132291979
0.9962601810948225
[21.02463074  0.59489154]
0.9962582384807824
0.9962598752015056
[21.02463074  0.59489154]
0.9962602949957207
0.9962590257661273
[21.07329025  0.59500401]
0.9962591259844307
0.9962600293153929
[21.07329025  0.59500401]
0.996259698641224
0.9962602554888361
[21.07329025  0.59500401]
0.9962596708976431
0.9962600039705725
0.9962599980093302
0.996259877465829
[21.07329025  0.59500401]
0.9962598204587635
0.996259890587988
[21.07329025  0.59500401]
0.996259912671334
0.9962599604658614
[21.07329025  0.59500401]
0.996259807266278
0.9962601305668327
[21.07329025  0.59500401]
0.9962597882816104
0.99625992169832
0.996260034535659
0.9962586883883635
[21.07329025  0.59500401]
0.9962597353102071
0.9962598713103176
[21.07329025  0.59500401]
0.9962599667473492
0.9962598569201764
0.996259860560599
0.9962598796494399
[21.07329025  0.59500401]
0.996259740244765
0.9962598054247189
0.996260040466581
0.9962592783967882
[21.07329025  0.59500401]
0.9962597746120234
0.9962599726834026
[21.07329025  0.59500401]
0.9962603021928255
0.9962592782505278
[21.07339177  0.59499405]
0.9962598016179774
0.9962599921897183
0.9962601672798375
0.9962601687479828
[21.07339177  0.59499405]
0.9962603518325972
0.9962604285269896
[21.07366677  0.59499442]
0.9962599820485647
0.9962602394398359
[21.07366677  0.59499442]
0.996259800933135
0.9962605112107533
[21.0735238   0.59499591]
0.9962600097953656
0.9962604844924812
[21.0735238   0.59499591]
0.9962603671357025
0.9962601504109968
0.9962601004005961
0.996260075796943
[21.0735238   0.59499591]
0.9962605112107533
Phase:  [0.68795213 0.06693329 0.06681254 0.06687026]
Final Fidelity:  0.9962605112107533
Final Params:  [21.0735238   0.59499591]
