Optimizing ARP for b =  170.0
Optimizing Delta, T, and phases
0.9965974838954587
0.9960565502944723
0.9970836942563261
0.9973486897391244
0.9974998059356134
[20.7     0.5805]
0.9978178741642846
0.9980201444937683
[19.55     0.64125]
0.9971725393667743
0.9977344521735522
[19.55     0.64125]
0.9979120077561645
[19.55     0.64125]
0.9980905195337963
0.9981414482778053
[18.25625     0.73659375]
0.9979709354291887
0.9980413002192381
[18.25625     0.73659375]
0.9981555738204017
0.9977840924716888
[18.2921875   0.78194531]
0.997931649593209
0.9981070918877305
[18.2921875   0.78194531]
0.9981172293769293
0.9981643034336606
[17.94628906  0.77743652]
0.9979682076878618
0.9981717674161076
[18.18774414  0.75814233]
0.9981687969045694
[18.18774414  0.75814233]
0.9981392001960033
0.9981734230948637
[17.98054199  0.76666223]
0.9981723371976018
[17.98054199  0.76666223]
0.9981606757575419
0.9981740883159669
[18.17061768  0.76352948]
0.9981723314398575
0.998173748478908
[18.17061768  0.76352948]
0.9981745898231057
0.9981767130925422
[18.59635773  0.76416991]
0.9981750906375538
[18.59635773  0.76416991]
0.9981799172949639
0.9981838284934318
[19.40224915  0.75854485]
0.998181851495815
[19.40224915  0.75854485]
0.9981842077060985
0.9981770244608058
[20.23853302  0.75752374]
0.9981890820450514
0.9981911141390225
[20.59589005  0.74780526]
0.9981804822636121
0.9981869499991948
[20.59589005  0.74780526]
0.9981897490731355
[20.59589005  0.74780526]
0.9981904823354765
[20.59589005  0.74780526]
0.9981888967642971
0.9981913368281531
[20.52082796  0.74441611]
0.9981883377887745
0.9981916595596021
[20.75580304  0.74209874]
0.9981891576203045
0.9981916468203433
[20.75580304  0.74209874]
0.9981915839810009
0.9981916315632238
[20.75580304  0.74209874]
0.9981916422720059
0.9981917194585184
[20.64504667  0.74396531]
0.9981912019066838
0.998191700569339
[20.64504667  0.74396531]
0.9981915233106358
0.9981916788078506
[20.64504667  0.74396531]
0.9981917822306217
0.9981915213647461
[20.59995634  0.74513588]
0.998191741586284
[20.59995634  0.74513588]
0.9981915703502816
0.998191867043266
[20.61907222  0.7444715 ]
0.9981916825642827
0.9981916268312138
0.9981917439618535
0.998191618575376
[20.61907222  0.7444715 ]
0.9981916451396657
0.9981917568232179
[20.61907222  0.7444715 ]
0.9981917140709936
0.9981916587380453
0.9981916741361717
0.9981917067691521
[20.61907222  0.7444715 ]
0.9981916891828091
0.998191598661109
0.9981916493055387
0.9981912450315522
[20.61907222  0.7444715 ]
0.9981917378326661
[20.61907222  0.7444715 ]
0.9981916513482463
0.9981909221763465
0.9981916415699759
0.9981916985809001
[20.61907222  0.7444715 ]
0.9981916894159066
0.9981917422150538
[20.61907222  0.7444715 ]
0.9981915739580899
0.9981915395061847
0.9981916535615738
0.9981915752104628
[20.61907222  0.7444715 ]
0.9981908788877705
0.9981916512010074
[20.61907222  0.7444715 ]
0.9981917420275039
[20.61907222  0.7444715 ]
0.9981916534741228
0.9981908555337112
0.9981915893683626
0.9981909654061152
[20.61907222  0.7444715 ]
0.9981917632519761
[20.61907222  0.7444715 ]
0.9981916439038961
0.99819167070912
[20.61907222  0.7444715 ]
0.9981918675945058
0.99819158993999
[20.61916597  0.74446921]
0.9981918675945058
Phase:  [0.87910419 0.00794867 0.00781274 0.00811204 0.00775149]
Final Fidelity:  0.9981918675945058
Final Params:  [20.61916597  0.74446921]
