Optimizing ARP for b =  10.0
Optimizing Delta, T, and phases
0.904619747311869
0.9148740043528805
0.9052231826204974
0.915893965888194
0.9207102609954733
[24.725   0.5805]
0.9288141801416049
0.9380455186358444
[27.3125   0.54675]
0.939899640760501
0.9364876269885275
[27.8875   0.58725]
0.9586090961397516
0.9667003452120378
[33.35  0.54]
0.9580820650989207
[33.35  0.54]
0.9704998021412612
0.9536071534830555
[39.3875   0.53325]
0.9631964848911057
0.9658178660146434
[39.3875   0.53325]
0.9698039835454438
[39.3875   0.53325]
0.9640814731847994
0.9716312580252952
[35.30859375  0.54295313]
0.9665661130886362
0.9721677705493025
[36.24746094  0.54833203]
0.9656358355977356
0.9722383165259805
[37.58276367  0.53944629]
0.9710953832496906
0.972334722223657
[36.11185303  0.54342114]
0.9716538180751484
0.9724365119363877
[36.54738464  0.54488287]
0.9716626611939319
0.972445380914071
[36.95619125  0.54179915]
0.9723004253808378
0.9724409464965225
[36.95619125  0.54179915]
0.9723631674151306
0.9724651980015074
[36.62069526  0.54373649]
0.9724214864882016
0.972463123658544
[36.62069526  0.54373649]
0.9724074890618484
0.9724653611100365
[36.78580241  0.54260231]
0.9724666992426356
0.9724559164653338
[36.79636579  0.54326435]
0.9724512814819655
0.9724690908360814
[36.70588968  0.54333491]
0.9724590731923198
0.9724685714952431
[36.70588968  0.54333491]
0.9724676041837972
0.9724689047004658
[36.70588968  0.54333491]
0.9724670199630019
0.9724692187157931
[36.73760075  0.54307977]
0.972468475383053
0.972469017674081
[36.73760075  0.54307977]
0.9724691734809308
[36.73760075  0.54307977]
0.9724686862937909
0.9724693121044227
[36.71955159  0.54325487]
0.9724685287044881
0.972468581286585
0.9724693959788876
0.9724693995542559
[36.72418891  0.54326238]
0.9724693706036293
0.9724692442570692
0.9724692829988489
0.9724691227285122
[36.72418891  0.54326238]
0.972468580618172
0.9724693085342775
[36.72418891  0.54326238]
0.9724690424150184
0.9724699510773681
[36.72513299  0.54323518]
0.9724690885531087
0.9724692220789388
0.9724692094138104
0.9724689217288257
[36.72513299  0.54323518]
0.9724692031726834
0.972469368619523
[36.72513299  0.54323518]
0.9724691632173234
0.9724693132733095
[36.72513299  0.54323518]
0.972469487643632
[36.72513299  0.54323518]
0.9724712196616281
0.972469157989615
[36.72536033  0.54322667]
0.9724691693823014
0.9724691394717678
0.9724701320099092
0.972469184788705
[36.72536033  0.54322667]
0.9724691900121306
0.9724711932307117
[36.72536033  0.54322667]
0.9724693128062574
0.97247031587243
[36.72536033  0.54322667]
0.9724712196616281
Phase:  [ 0.30103394 -0.29090125 -0.29111987 -0.29114103]
Final Fidelity:  0.9724712196616281
Final Params:  [36.72536033  0.54322667]
