Optimizing ARP for b =  50.0
Optimizing Delta, T, and phases
0.9806869867144564
0.976785042569698
0.9807295481736809
0.9801919648695736
0.9809968732273772
[22.425    0.56025]
0.9803983935489752
0.9809237943791743
[22.425    0.56025]
0.9813102123337525
0.9815449874707357
[21.921875    0.53409375]
0.9809204830552924
0.9811865119326673
[21.921875    0.53409375]
0.9818329912839847
0.9823273550853451
[21.80507812  0.50487891]
0.9828018650140297
0.9806554324087777
[21.21210937  0.48948047]
0.9814932956575345
0.9820453814064196
[21.21210937  0.48948047]
0.982621872117821
[21.21210937  0.48948047]
0.9812591277419394
0.9826383900259293
[21.21210937  0.48948047]
0.9823493818956045
0.9827622547912194
[21.21210937  0.48948047]
0.9827147145543826
0.9827976537403751
[21.21210937  0.48948047]
0.9828474342853447
0.9828550248901291
[20.86382446  0.4893338 ]
0.9827079772289077
0.9828362624757736
[20.86382446  0.4893338 ]
0.9828577903569795
0.9827758363455369
[20.74376373  0.48649727]
0.98285621467473
[20.74376373  0.48649727]
0.9827778220035417
0.982865903417939
[20.74673805  0.488588  ]
0.9828464107902615
0.9828638820777126
[20.74673805  0.488588  ]
0.9828509910961476
0.9828647494813757
[20.74673805  0.488588  ]
0.9828649968980234
[20.74673805  0.488588  ]
0.9828595466564103
0.9828655223016494
[20.74673805  0.488588  ]
0.982864106075423
0.9828663174152722
[20.79116205  0.48795647]
0.9828643159990879
0.9828668543994781
[20.76092208  0.48804508]
0.9828653370907559
0.9828664433919155
[20.76092208  0.48804508]
0.9828665258830852
[20.76092208  0.48804508]
0.9828667902894457
[20.76092208  0.48804508]
0.9828665521889236
0.9828657473953021
0.9828666378255297
0.9828666686590168
[20.76092208  0.48804508]
0.9828667959108901
[20.76092208  0.48804508]
0.9828665171978753
0.9828668022032607
[20.76092208  0.48804508]
0.9828667993897628
0.9828667329995481
0.9828668156977638
0.9828667958953715
[20.76092208  0.48804508]
0.9828665905323273
0.9828665494402393
0.9828666212523992
0.9828669889278293
[20.76098058  0.48807624]
0.9828666598791153
0.9828667701710626
[20.76098058  0.48807624]
0.9828665585745132
0.9828666553082281
0.9828665965235823
0.9828666734860582
[20.76098058  0.48807624]
0.982865885497304
0.9828661876696679
0.9828666182095595
0.9828658978157365
[20.76098058  0.48807624]
0.9828667986618754
[20.76098058  0.48807624]
0.9828665923378804
0.9828666867812322
[20.76098058  0.48807624]
0.982866725342456
0.9828667787782178
[20.76098058  0.48807624]
0.982866779747074
0.9828665181614178
0.9828667093461169
0.982866905002955
[20.76098058  0.48807624]
0.9828667483716674
0.9828666862940926
0.9828667085442979
0.9828667889116558
[20.76098058  0.48807624]
0.9828669889278293
Phase:  [2.24621295 0.11224743 0.11237374 0.11233305]
Final Fidelity:  0.9828669889278293
Final Params:  [20.76098058  0.48807624]
