Optimizing ARP for b =  90.0
Optimizing Delta, T, and phases
0.9962477580339729
0.9959033436988995
0.9965582479524453
0.9966690593129199
0.9966581645344571
[21.85   0.567]
0.9967600741919965
0.996727629704144
[21.85   0.594]
0.9967382031718515
[21.85   0.594]
0.9967432834775326
[21.85   0.594]
0.9966798768632392
0.9967740924541973
[20.9875   0.60075]
0.9966978929898647
0.9967701407491767
[20.9875   0.60075]
0.9967380185158535
0.9967753690450454
[21.43671875  0.59948438]
0.9967698449013037
0.9967752570659999
[21.43671875  0.59948438]
0.9967654366688297
0.9967769022375095
[21.13686523  0.60140918]
0.996775923474115
[21.13686523  0.60140918]
0.9967755683335837
0.9967770931372415
[21.2126709   0.59849561]
0.9967728705108974
0.9967785771816107
[21.30630493  0.5980968 ]
0.9967752430564535
0.9967772847199997
[21.30630493  0.5980968 ]
0.9967772830926266
0.9967775237744255
[21.30630493  0.5980968 ]
0.9967764868891864
0.9967772544792242
0.9967773621613242
0.9967775189461644
[21.30630493  0.5980968 ]
0.9967772863502368
0.9967768458963818
0.9967764330671328
0.9967771395997687
[21.30630493  0.5980968 ]
0.9967771480610683
[21.30630493  0.5980968 ]
0.9967760343428105
0.9967770777754933
0.9967772057368229
0.9967767528764849
[21.30630493  0.5980968 ]
0.9967767137008424
0.9967769329927965
[21.30630493  0.5980968 ]
0.9967777806910075
[21.30630493  0.5980968 ]
0.9967775153677348
0.9967775329034247
[21.30630493  0.5980968 ]
0.9967772715281049
0.9967775535415521
[21.30630493  0.5980968 ]
0.9967772818755015
0.9967767448969914
0.9967766621614338
0.9967773659381999
[21.30630493  0.5980968 ]
0.9967772066246549
0.996777801015889
[21.30630493  0.5980968 ]
0.9967770951114495
0.9967770720226145
0.9967784526430806
0.9967771003084097
[21.30630493  0.5980968 ]
0.9967769966377157
0.9967787531978464
[21.30659884  0.59809035]
0.9967786678918331
[21.30659884  0.59809035]
0.9967765049873948
0.9967786742597693
[21.30659884  0.59809035]
0.9967785438698771
0.9967788364005984
[21.30684534  0.59808848]
0.9967787119955679
0.9967787327707706
[21.30684534  0.59808848]
0.9967787531012621
0.996778641177469
0.9967787541651674
0.9967787843226279
[21.30684534  0.59808848]
0.9967788676838204
0.9967787436875416
[21.30694305  0.59808727]
0.9967787368429443
0.9967787728232602
0.9967787607104104
0.9967787344266968
[21.30694305  0.59808727]
0.9967788676838204
Phase:  [1.36925898 0.00242596 0.00274349 0.00217316 0.00255205]
Final Fidelity:  0.9967788676838204
Final Params:  [21.30694305  0.59808727]
