Optimizing ARP for b =  170.0
Optimizing Delta, T, and phases
0.8274151584436413
0.8349224231228256
0.8199222742269043
0.8449915306955025
0.8613846116183645
[24.725  0.486]
0.8706550389002783
0.8938323720866582
[27.3125  0.459 ]
0.9183885512878456
0.9352370248540554
[29.75625  0.3375 ]
0.9275100917208583
[29.75625  0.3375 ]
0.8155003402438494
0.9277115462374932
[29.75625  0.3375 ]
0.9055717042922959
0.9350232655253454
[29.75625  0.3375 ]
0.9134952157133827
0.933685224630901
[29.75625  0.3375 ]
0.9295962713360443
0.9351246321605755
[29.75625  0.3375 ]
0.9340371174769336
0.9353370752818914
[30.403125  0.340875]
0.934359029309484
0.9353238410262523
[30.403125  0.340875]
0.9354292145423148
0.9354624905122105
[31.18476563  0.35395312]
0.9353537199049233
[31.18476563  0.35395312]
0.935510103074167
0.9357061450495272
[33.26015625  0.37378125]
0.9356881760958784
[33.26015625  0.37378125]
0.9361356208069603
0.9361125011857974
[34.99414063  0.39782812]
0.936228568739326
0.9362992355224115
[36.54394531  0.40141406]
0.9361111263982059
0.9362844555311869
[36.54394531  0.40141406]
0.9358797631996083
0.936291263452775
[36.54394531  0.40141406]
0.9361872972760765
0.9363198868830368
[36.61996155  0.40722473]
0.936222963451242
0.9363223486527532
[36.23544083  0.40336111]
0.9362580989148197
0.9363232395536376
[36.48582325  0.40335349]
0.9363093798762582
0.9363250782433158
[36.49029679  0.40529102]
0.9363151136742681
0.9363259810817051
[36.36175042  0.40384168]
0.9363172985928317
0.9363261585693203
[36.45592343  0.40395992]
0.9363244364895434
0.9363263474769195
[36.44956686  0.40459591]
0.9363252661523971
0.93632645195945
[36.40724778  0.4040598 ]
0.9363251801278007
0.9363264815678816
[36.44216538  0.40414389]
0.9363262059174648
0.9363260350567775
0.9363264929171004
0.9363265789368214
[36.44586612  0.4043699 ]
0.9363264144199587
0.9363265073680276
[36.44586612  0.4043699 ]
0.9363265205879843
[36.44586612  0.4043699 ]
0.9363263653519108
0.9363264473358576
0.9363265877896699
0.9363265152235287
[36.45287576  0.40441392]
0.9363259438994458
0.9363264873768804
0.9363265566599944
0.9363264910520103
[36.45287576  0.40441392]
0.9363263963941383
0.9363264583483416
0.9363265346314051
0.9363264410799634
[36.45287576  0.40441392]
0.9363264985543073
0.936326538386381
[36.45287576  0.40441392]
0.9363263952579375
0.9363257291489402
0.9363264351719199
0.9363265251994579
[36.45287576  0.40441392]
0.936326379163405
0.9363264807617496
[36.45287576  0.40441392]
0.9363265288803115
[36.45287576  0.40441392]
0.9363264341291552
0.9363265399200165
[36.45287576  0.40441392]
0.9363260985636409
0.9363264759157938
0.9363264861561185
0.9363264195071578
[36.45287576  0.40441392]
0.9363264174516386
0.9363264603076378
[36.45287576  0.40441392]
0.9363264329655437
0.9363264490021991
0.9363265605490596
0.9363257303339715
[36.45287576  0.40441392]
0.9363265113824075
0.9363264394395455
0.9363265401118467
0.9363265024423536
[36.45287576  0.40441392]
0.9363265877896699
Phase:  [3.90801133 0.48858686 0.48854603]
Final Fidelity:  0.9363265877896699
Final Params:  [36.45287576  0.40441392]
