Optimizing ARP for b =  150.0
Optimizing Delta, T, and phases
0.9965652455321532
0.9960478310915227
0.9970334647648679
0.9972790883776943
0.9974087372338057
[20.7     0.5805]
0.9977067376285956
0.9978742207518178
[19.55     0.64125]
0.997035583765271
0.9975977909731069
[19.55     0.64125]
0.9977280433043602
[19.55     0.64125]
0.997890033912833
0.9978997052021487
[18.25625     0.73659375]
0.9978052456539314
0.997863999776519
[18.25625     0.73659375]
0.9978711975334329
0.997895261889633
[18.25625     0.73659375]
0.9978168056507138
0.9979071085018224
[18.97949219  0.67729395]
0.9978921441037429
0.9978939591853025
0.9978914711652546
0.9979025299480643
[18.97949219  0.67729395]
0.997897847771709
0.9979090117203666
[19.0036377   0.66726453]
0.9979096986488447
0.9978963012358014
[19.21252441  0.66087048]
0.9978942212402411
0.9979103122530433
[19.04378662  0.67068073]
0.9979094793279708
0.9979106028679782
[19.19041443  0.66503114]
0.9979085975593107
0.9979107628822037
[19.16481247  0.66436321]
0.9979080513140477
0.9979107979401327
[19.11070004  0.66768895]
0.9979110061817632
0.9979094473334815
[19.08509808  0.66702102]
0.9979095757127745
0.997911083310546
[19.13135576  0.6658591 ]
0.9979107612348062
0.9979109555512378
[19.13135576  0.6658591 ]
0.9979110644518596
[19.13135576  0.6658591 ]
0.9979109693126414
0.9979110563766653
[19.13135576  0.6658591 ]
0.9979108078394099
0.9979108861093695
0.9979108523972879
0.997910127020028
[19.13135576  0.6658591 ]
0.9979110108690417
[19.13135576  0.6658591 ]
0.9979108322020962
0.9979108980499335
[19.13135576  0.6658591 ]
0.9979107802644404
0.99791077951584
0.9979108555179629
0.9979103075599806
[19.13135576  0.6658591 ]
0.9979108407122745
0.997910680478633
0.9979110543855726
0.9979108821059514
[19.13135576  0.6658591 ]
0.9979109592583145
0.9979110124253029
[19.13135576  0.6658591 ]
0.9979108744674893
0.9979108182621774
0.9979108663872244
0.9979109063386871
[19.13135576  0.6658591 ]
0.9979108727240339
0.9979109414009232
[19.13135576  0.6658591 ]
0.9979108229748366
0.9979110556170848
[19.13135576  0.6658591 ]
0.997911049699882
0.9979110342702096
0.9979110615818747
0.9979109297835287
[19.13135576  0.6658591 ]
0.9979110493543563
0.9979110039507842
0.9979110702134387
0.997910874376255
[19.13135576  0.6658591 ]
0.997911083310546
Phase:  [0.90392169 0.00990489 0.01004275 0.00990424 0.00988538]
Final Fidelity:  0.997911083310546
Final Params:  [19.13135576  0.6658591 ]
