Optimizing ARP for b =  110.0
Optimizing Delta, T, and phases
0.9777287590490826
0.9740668874508255
0.9751783307318453
0.9775039975016754
[0.38789285 0.1193977 ]
0.9802653007458374
0.9820465999853912
[0.35880088 0.11641276]
0.9823092823308338
0.979290261550611
[0.37819553 0.11044287]
0.9744801503943094
0.9813444410306548
[0.37819553 0.11044287]
0.9798083503734941
0.982275133986801
[0.37819553 0.11044287]
0.9828442433660378
0.98304292646571
[0.40971182 0.10521922]
0.9825925787696946
[0.40971182 0.10521922]
0.983673294818629
0.978897191115417
[0.44607678 0.09551816]
0.9835231669475992
[0.44607678 0.09551816]
0.9810260146949197
0.9833083520713636
[0.44607678 0.09551816]
0.9833302197420819
0.9835990857117779
[0.44607678 0.09551816]
0.9829241782380376
0.9835927628411222
[0.44607678 0.09551816]
0.9835262286292271
0.9836255377282629
[0.44607678 0.09551816]
0.9836344257455727
[0.44607678 0.09551816]
0.9836994689163776
0.9837432881020441
[0.43645521 0.09432885]
0.9837457342339874
0.9836234208685448
[0.4414554  0.09344269]
0.9838298778170578
0.9837929959163179
[0.43183384 0.09225338]
0.9836412476371379
0.983783939776468
[0.43183384 0.09225338]
0.9838666731224622
0.9839087186363219
[0.41966483 0.09187735]
0.9839339625244551
0.9839473430223834
[0.40414817 0.08901921]
0.9837794276421272
0.9839024558844698
[0.40414817 0.08901921]
0.9839676975919052
0.983779427505793
[0.40194284 0.08954573]
0.9822601337948301
0.9839617666785873
[0.40194284 0.08954573]
0.9839493885382318
0.9839709363536572
[0.40789942 0.09058462]
0.9839500959221331
0.9839720606799881
[0.40813815 0.09032254]
0.9839405185772501
0.9839756982329146
[0.40498081 0.08999965]
0.9839704033102158
0.983974082644377
[0.40498081 0.08999965]
0.983975894159346
0.9839718804380874
[0.40407211 0.09004997]
0.9839697980969667
0.9839758973897639
[0.40587795 0.09019884]
0.9839755230809744
0.9839761290785968
[0.40497792 0.09006203]
0.9839746824714007
0.9839762363346717
[0.40475002 0.0900902 ]
0.9839755011985546
0.9839761738835553
[0.40475002 0.0900902 ]
0.9839761993921494
[0.40475002 0.0900902 ]
0.9839761110130201
0.9839762403020562
[0.40515875 0.0901327 ]
0.9839761696776768
0.983976246613941
[0.40504873 0.09013855]
0.9839761323307584
0.9839762583147408
[0.40492688 0.09011291]
0.9839762419992126
0.9839762488816184
[0.40492688 0.09011291]
0.9839762435849313
0.983976254504599
[0.40492688 0.09011291]
0.9839762583147408
Phase:  [2.47047153 1.47292202 1.47286377 1.47274419]
Final Fidelity:  0.9839762583147408
Final Params:  [0.40492688 0.09011291]
