Optimizing ARP for b =  10.0
Optimizing Delta, T, and phases
0.9101525275369898
0.9091098914420055
0.9108621066462298
0.9116685564874161
0.9123614990749607
[0.56648964 0.26061613]
0.9125220661889584
0.9117284377421645
[0.56648964 0.27273781]
0.9107657790911499
0.9119135480524445
[0.56648964 0.27273781]
0.9122127964177589
0.9124587334696832
[0.56648964 0.27273781]
0.9123370666414807
0.9124651192711739
[0.56648964 0.27273781]
0.9124284337571744
0.9124913485270891
[0.56648964 0.27273781]
0.9125161939800412
[0.56648964 0.27273781]
0.9125627675111068
0.9126011796489739
[0.57681627 0.28457539]
0.9125866692526647
[0.57681627 0.28457539]
0.9126847850000168
0.9127750798510347
[0.6048457  0.30285261]
0.9127583415972221
[0.6048457  0.30285261]
0.9129711338250439
0.9131903602469493
[0.65352841 0.34480499]
0.9131741686285026
[0.65352841 0.34480499]
0.913652796865625
0.9209703222037089
[0.75826998 0.42331181]
0.9248440878251865
0.9806314892341612
[0.80080588 0.46976247]
0.874692530238409
0.9138710554551013
[0.80080588 0.46976247]
0.9560986025748321
[0.80080588 0.46976247]
0.8778653832436061
0.9714676837148186
[0.80080588 0.46976247]
0.9236227004766182
0.9767044171976699
[0.80080588 0.46976247]
0.9576271800470477
0.9798736029910855
[0.80080588 0.46976247]
0.9727243452565884
0.9799839808593601
[0.80080588 0.46976247]
0.9768854335925162
0.9806625801890019
[0.80258263 0.46776144]
0.9800076966677106
0.9805256983486847
[0.80258263 0.46776144]
0.9805052614160275
0.9806508227111912
[0.80258263 0.46776144]
0.9803446009117992
0.9806860367694008
[0.80097388 0.46873454]
0.9806958269368307
0.9806846414759656
[0.80385536 0.46884422]
0.9806356481071964
0.9806872735228035
[0.80385536 0.46884422]
0.9806977865972142
0.9806965228806037
[0.8053801  0.46838509]
0.9807052321444006
0.980705058104669
[0.80673683 0.46895389]
0.9807078916361835
0.9807067908119049
[0.80826157 0.46849477]
0.9807142331654921
0.9807133493940531
[0.8096183  0.46906357]
0.9807175894856017
0.9807166976713728
[0.81114304 0.46860445]
0.9807228558033112
0.9807212692935898
[0.81249978 0.46917325]
0.980726932224188
0.9807261682729941
[0.81402452 0.46871412]
0.9807310992958954
0.9807288121450035
[0.81538125 0.46928293]
0.9807358210812903
0.9807351181777675
[0.81690599 0.4688238 ]
0.9807389324318101
0.9807359914139833
[0.81826272 0.46939261]
0.9807442418815091
0.9807436917885909
[0.81978746 0.46893348]
0.980746391071132
0.9807428419177844
[0.82114419 0.46950228]
0.9807523347024298
0.9807520540164332
[0.82266893 0.46904316]
0.9807535529665456
0.9807493726483921
[0.82402567 0.46961196]
0.9807602067270239
0.9807601772195434
[0.82555041 0.46915284]
0.9807604126822719
0.9807555705613322
[0.82690714 0.46972164]
0.9807677708008115
0.9807679290672853
[0.83063499 0.46908779]
0.9807767253092888
0.9807817453391385
[0.83521238 0.46990847]
0.9807844897766579
0.9807757033172735
[0.83894022 0.46927462]
0.9808003204291023
0.9808040851298627
[0.84995892 0.47059907]
0.9808187037476613
0.980826420069544
[0.86292397 0.46999359]
0.9808402208500467
0.9808316789157019
[0.87394267 0.47131803]
0.9808545654870474
0.980842654278108
[0.88690771 0.47071255]
0.9808638270636932
0.9808486567262888
[0.89792641 0.47203699]
0.9808723166482867
0.9808544481408462
[0.91089146 0.47143151]
0.9808778269725021
0.9808575329196888
[0.92191016 0.47275596]
0.9808822671681652
0.9808604404733245
[0.9348752  0.47215048]
0.9808845242169549
0.9808602573472721
[0.9458939  0.47347492]
0.9808864644262635
0.980862284474406
[0.95885894 0.47286944]
0.9808857689419189
[0.95885894 0.47286944]
0.9808865572941861
0.9808612233215483
[0.98284269 0.4735884 ]
0.9808205330910159
0.9808946326011498
[0.97036423 0.4737114 ]
0.9808922766161807
[0.97036423 0.4737114 ]
0.9808848701453973
0.98089234536558
[0.97036423 0.4737114 ]
0.9808926149943523
[0.97036423 0.4737114 ]
0.9808933331049986
[0.97036423 0.4737114 ]
0.9808922402552371
0.98089410115969
[0.97036423 0.4737114 ]
0.9808936847515
0.9808942908502358
[0.97036423 0.4737114 ]
0.9808936220154416
0.980894686690327
[0.96520142 0.4734712 ]
0.9808947550614195
0.9808942337787824
[0.96211222 0.4734718 ]
0.9808942669137222
0.980894820891409
[0.96701052 0.47359145]
0.9808945704135678
0.9808948212216141
[0.96488139 0.47350141]
0.9808945658886001
0.9808948422581231
[0.96402909 0.47350911]
0.980894739526369
0.9808948437065894
[0.96573288 0.47354836]
0.9808948318484894
0.9808948473759813
[0.96488078 0.4735424 ]
0.9808948357932987
0.9808948470404509
[0.96488078 0.4735424 ]
0.9808948212830706
0.980894850665916
[0.96525363 0.47354159]
0.9808948469849977
0.9808948502303059
[0.96525363 0.47354159]
0.9808948477096988
0.9808948511943374
[0.96515052 0.47353596]
0.9808948461438631
0.980894852136445
[0.96503483 0.4735367 ]
0.980894850983595
0.9808948525806563
[0.96501219 0.4735337 ]
0.980894849901443
0.9808948516532152
[0.96501219 0.4735337 ]
0.9808948525806563
Phase:  [ 0.47090549 -1.60329917 -1.60357667 -1.60359124]
Final Fidelity:  0.9808948525806563
Final Params:  [0.96501219 0.4735337 ]
