Optimizing ARP for b =  70.0
Optimizing Delta, T, and phases
0.9080548472869167
0.9091463645302096
0.9058541394805122
0.9102248326969596
0.9106828442701819
[0.65785791 0.16529364]
0.9099907416135049
[0.65785791 0.16529364]
0.9086163466891453
0.9102363038219259
[0.65785791 0.16529364]
0.9100797781085357
0.9104329976577896
[0.65785791 0.16529364]
0.911013851034176
0.9113967729029532
[0.63490938 0.15725853]
0.9110600150376321
[0.63490938 0.15725853]
0.9120056698325788
0.9136206053251323
[0.61196084 0.13085746]
0.9136909046096948
0.9189476020034006
[0.56988854 0.1314314 ]
0.9508628896375124
0.9827154110566817
[0.50295532 0.07891623]
0.9792189152267264
[0.50295532 0.07891623]
0.8742858220480872
0.9598848227631537
[0.50295532 0.07891623]
0.9125748145476642
0.9788913143938539
[0.50295532 0.07891623]
0.9745294908415243
0.9741059669740366
0.9817438833337571
0.9718423115088478
[0.50295532 0.07891623]
0.9696543319499178
0.9800663280686307
[0.50295532 0.07891623]
0.9763584029077913
0.9826194164151448
[0.50295532 0.07891623]
0.9809608583965569
0.982626986676795
[0.50295532 0.07891623]
0.9815208338405158
0.9828317618453236
[0.49595572 0.07995089]
0.9826592294138436
0.9827637400971496
[0.49595572 0.07995089]
0.9826739065437795
0.9827808400785009
[0.49595572 0.07995089]
0.982831697256616
[0.49595572 0.07995089]
0.9828954834545908
0.9829452904817227
[0.48123821 0.08110713]
0.9828716647966593
[0.48123821 0.08110713]
0.9829766746722655
0.983018475023222
[0.45553106 0.08357421]
0.983135374348717
0.9832687579859528
[0.43770699 0.08460163]
0.9834741484592178
0.983393534004201
[0.41199984 0.08706871]
0.9835515228035636
0.9826332311448129
[0.39417577 0.08809613]
0.9829647745300184
0.9834074735829449
[0.39417577 0.08809613]
0.9835519346668204
0.9829647756309439
[0.38577821 0.08907281]
0.982916075073994
0.983576976863342
[0.40098842 0.08782659]
0.9836340907104085
0.9836595601359296
[0.39179841 0.08915685]
0.9835177517670439
0.9836142966211936
[0.39179841 0.08915685]
0.9835416020687074
0.983617351193139
[0.39179841 0.08915685]
0.9836457261234776
[0.39179841 0.08915685]
0.9836869193296814
0.9836929630101219
[0.39065887 0.0900981 ]
0.9836139728038414
0.983672972637006
[0.39065887 0.0900981 ]
0.9837071351406644
0.9837043078101905
[0.39293872 0.09014132]
0.9836300894553168
0.9836942198379183
[0.39293872 0.09014132]
0.9836974392804962
[0.39293872 0.09014132]
0.9837123927535618
0.9837154443929037
[0.39635858 0.09044687]
0.983695456636528
0.9837081221659237
[0.39635858 0.09044687]
0.9837085925837108
[0.39635858 0.09044687]
0.9837121191021482
[0.39635858 0.09044687]
0.9837109313335137
0.9837143424127133
[0.39635858 0.09044687]
0.9837127937974616
0.9837150516647438
[0.39635858 0.09044687]
0.9837118493141984
0.9837154179902765
[0.39635858 0.09044687]
0.9837152297582142
0.9837155564515657
[0.39711336 0.09053687]
0.9837147294523643
0.9837156304894981
[0.39687236 0.09055357]
0.983715246906492
0.983715598407885
[0.39687236 0.09055357]
0.9837155923612547
0.9837156312793447
[0.39660438 0.09051878]
0.9837155588731161
0.983715634967536
[0.39670704 0.09051611]
0.983715568996084
0.9837156424293572
[0.39676403 0.09053551]
0.9837156314536073
0.9837156390515097
[0.39676403 0.09053551]
0.9837156424293572
Phase:  [2.63817411 1.5576229  1.55738369 1.55727273]
Final Fidelity:  0.9837156424293572
Final Params:  [0.39676403 0.09053551]
