Optimizing ARP for b =  130.0
Optimizing Delta, T, and phases
0.7650845235867871
0.7944331697116769
0.7425930113960534
0.8135145016045615
0.8403377025416101
[0.74868995 0.35212285]
0.8560790231296538
0.8798724678681624
[0.82704122 0.33256047]
0.8958531346918571
0.9057523419513236
[0.90103965 0.24452976]
0.9047912857129363
[0.90103965 0.24452976]
0.8957480276246522
0.90205658712133
[0.90103965 0.24452976]
0.9012722793131309
0.9045120949957361
[0.90103965 0.24452976]
0.9049968590876163
[0.90103965 0.24452976]
0.8982347709572143
0.9057038088853429
[0.90103965 0.24452976]
0.9058312940450859
0.9050917560044925
[0.9320537  0.22374473]
0.9063344972191258
0.9065738525187319
[0.86376838 0.2255787 ]
0.9063297676040962
[0.86376838 0.2255787 ]
0.9074820913055687
0.9080639227352495
[0.77371883 0.1980691 ]
0.9043254184051411
0.9071098513886675
[0.77371883 0.1980691 ]
0.9089353155783173
0.9102150081152575
[0.718186   0.15840943]
0.9126498714884554
0.9410708155467553
[0.52433121 0.11810023]
0.979157815536266
0.5095419812069955
[0.46879839 0.07844056]
0.7725304215009242
0.9170708096787419
[0.46879839 0.07844056]
0.9557822338888685
[0.46879839 0.07844056]
0.8606400214202778
0.9827847223220876
[0.47580375 0.09571047]
0.944994033286699
0.9641862094533212
[0.47580375 0.09571047]
0.9782574636017096
0.9807914127186117
[0.47580375 0.09571047]
0.9619978355261942
0.9790660285532047
0.9820826183761082
0.9796631688406953
[0.47580375 0.09571047]
0.9785666165451613
0.9817690627387496
[0.47580375 0.09571047]
0.9816137764289588
0.9823633345507706
[0.47580375 0.09571047]
0.9831311904273269
0.9834574720423211
[0.46145641 0.0952872 ]
0.9834044595672317
[0.46145641 0.0952872 ]
0.9836580002936668
0.9833421700630852
[0.44458461 0.09775698]
0.9837575442634161
0.9838334424946422
[0.44119762 0.09320578]
0.9834073505418386
0.9836847429763628
[0.44119762 0.09320578]
0.9832656610057998
0.9837267178814699
[0.44119762 0.09320578]
0.9838399360112129
0.983872895613092
[0.42590164 0.09307909]
0.9839332165200336
0.9839298674180009
[0.42146411 0.09025886]
0.9840444938872188
0.9836742934274101
[0.40616812 0.09013218]
0.9838082227684596
0.9839902250489964
[0.40616812 0.09013218]
0.9838868980865871
0.9840097054082647
[0.40616812 0.09013218]
0.9840266305959776
[0.40616812 0.09013218]
0.9838204410501196
0.984038027223867
[0.40616812 0.09013218]
0.9840165706311846
0.9840429139193617
[0.40616812 0.09013218]
0.9840260003668697
0.9840451011320103
[0.4085858 0.0899728]
0.9840394018654386
0.9840460729817978
[0.40672756 0.08982014]
0.9840356061298077
0.9840468063719169
[0.4069124  0.09001432]
0.9840446252638023
0.9840463632191814
[0.4069124  0.09001432]
0.984046448924019
[0.4069124  0.09001432]
0.9840449849141412
0.984046807955444
[0.40755148 0.09001089]
0.9840465842647647
0.984046828753043
[0.40690405 0.08994931]
0.9840465370997148
0.9840468847772595
[0.40707008 0.08999721]
0.9840466272365819
0.984046877623526
[0.40707008 0.08999721]
0.9840468520061402
0.9840468824738718
[0.40707008 0.08999721]
0.9840468573916826
0.9840468888033164
[0.40722778 0.08999967]
0.9840468765752387
0.9840468900989653
[0.40722571 0.09000787]
0.9840468690808798
0.9840468879779148
[0.40722571 0.09000787]
0.9840468900989653
Phase:  [2.42230994 1.44932454 1.449451   1.44949011]
Final Fidelity:  0.9840468900989653
Final Params:  [0.40722571 0.09000787]
