Optimizing ARP for b =  150.0
Optimizing Delta, T, and phases
0.84216191604064
0.8434399927829834
0.8250265829661404
0.8907456796739582
0.9228168451856906
[0.38160453 0.16140625]
0.9157308346428963
[0.38160453 0.16140625]
0.9407938248871521
0.9676876274380786
[0.42597715 0.12553819]
0.9711835077328925
0.9831276086498724
[0.41266536 0.10760417]
0.9621781454164887
0.9838730782422601
[0.43817962 0.09415365]
0.9571958702461276
0.9776015525953042
[0.43817962 0.09415365]
0.9837321804377673
[0.43817962 0.09415365]
0.9647438996757125
0.9830821155505426
0.983956103156381
0.983311170368913
[0.43166239 0.09135145]
0.983598016738772
0.9831242840829812
0.9839513945590429
0.9835174394039181
[0.43166239 0.09135145]
0.9830881992686639
0.9838316434344676
[0.43166239 0.09135145]
0.9836447619058696
0.9839425326128031
[0.43166239 0.09135145]
0.9838713980358269
0.9839685268371199
[0.43269804 0.0925599 ]
0.9839745716208945
0.9839404181726192
[0.42943943 0.0911588 ]
0.9839846626418688
0.9839544708099226
[0.43047508 0.09236725]
0.9839919587886458
0.9839593214872051
[0.42721646 0.09096615]
0.9839999263247073
0.9839659236244516
[0.42825211 0.0921746 ]
0.9840083718605762
0.9839781961493308
[0.4249935 0.0907735]
0.9840143741484743
0.9839769960904887
[0.42602915 0.09198195]
0.9840238881716573
0.9839970431575978
[0.42277053 0.09058085]
0.9840279883459538
0.9839877182835933
[0.42380618 0.0917893 ]
0.9840385084273998
0.9840156210510564
[0.42054757 0.0903882 ]
0.984040686517061
0.9839980321077971
[0.42158322 0.09159665]
0.9840521590922306
0.9840333548547633
[0.41832461 0.09019555]
0.9840523225120585
0.9840077944597212
[0.41936026 0.09140399]
0.984064610689614
0.9840492199231716
[0.41610164 0.0900029 ]
0.9840626807759365
[0.41610164 0.0900029 ]
0.9840754180474146
0.9840615862130003
[0.41387868 0.08981025]
0.9840244808931986
0.9840809216054396
[0.41606373 0.09055896]
0.9840892780023625
0.9840894319624002
[0.41271032 0.09054801]
0.9840516249777392
0.9840858132351403
[0.41271032 0.09054801]
0.9840965861717876
0.9840976266616231
[0.40813731 0.0899769 ]
0.9840809706606696
0.9840937701782038
[0.40813731 0.0899769 ]
0.9840968777155802
[0.40813731 0.0899769 ]
0.9840822045209395
0.9840976756585968
[0.41009982 0.09001807]
0.9840940599381675
0.9840982141144584
[0.40841194 0.08982427]
0.9840959492660835
0.9840983124086671
[0.40869659 0.08994904]
0.9840968350353634
0.984098269444397
[0.40869659 0.08994904]
0.9840977990203434
0.9840983765593981
[0.40871188 0.08988748]
0.9840981106621226
0.9840983730391528
[0.40871188 0.08988748]
0.9840982320948855
0.984098378755806
[0.40878018 0.08993022]
0.9840983413512553
0.9840983901860161
[0.40888083 0.08992208]
0.9840983295548191
0.9840983914671486
[0.40877119 0.08990682]
0.9840983722334297
0.984098390237662
[0.40877119 0.08990682]
0.9840983849114765
0.9840983918877079
[0.40883399 0.08991833]
0.9840983918877079
Phase:  [2.38565506 1.4319027  1.43189779 1.43191235]
Final Fidelity:  0.9840983918877079
Final Params:  [0.40883399 0.08991833]
