Optimizing ARP for b =  50.0
Optimizing Delta, T, and phases
0.8858427461766787
0.8922904722041369
0.8780360884722469
0.897876303519352
0.9042477542843337
[0.53308721 0.18607657]
0.9065243843654281
0.9101125574133028
[0.58887541 0.17573899]
0.9118212030799915
0.9093759294425554
[0.60127278 0.15506381]
0.9092037183318216
0.9109213381697856
[0.60127278 0.15506381]
0.9094972755832245
0.9111656517322151
[0.60127278 0.15506381]
0.9112595386901458
[0.60127278 0.15506381]
0.9127124494797869
0.9139980941904626
[0.56408065 0.14989502]
0.9128252505654697
[0.56408065 0.14989502]
0.9184757394675731
0.9369546942975889
[0.52688852 0.12405105]
0.9320475495904261
[0.52688852 0.12405105]
0.9738627839325886
0.9826613647605765
[0.41531213 0.08786949]
0.9663694833096791
[0.41531213 0.08786949]
0.8006840146905694
0.9788831128383212
[0.41531213 0.08786949]
0.9667624534452885
0.9817951860369762
[0.41531213 0.08786949]
0.983364798869699
0.9327380781416018
[0.38741803 0.08916169]
0.9213457264064345
0.9828899792399491
[0.38741803 0.08916169]
0.9807896484094831
0.9829203382638227
[0.38741803 0.08916169]
0.9613455482023383
0.9833129794499539
[0.38741803 0.08916169]
0.983372437281716
0.9828701640147599
[0.38882242 0.09196818]
0.9807224308738869
0.9834047759543699
[0.40019072 0.09187228]
0.9826694234233289
0.9834163086359994
[0.3909623  0.09054096]
0.9832077385601515
0.9834290342380959
[0.39219947 0.0915874 ]
0.9834185032345557
[0.39219947 0.0915874 ]
0.9834115840203453
0.9834348397544551
[0.38927378 0.09073135]
0.9834039895144897
0.9834392321870074
[0.38685383 0.09070773]
0.9834035050843004
0.98343954816037
[0.39013164 0.09115347]
0.9834392374615032
[0.39013164 0.09115347]
0.9834279642576266
0.9834412043847259
[0.38788775 0.0909247 ]
0.9834368128130533
0.9834407721570357
[0.38788775 0.0909247 ]
0.9834394193767572
0.9834407509593461
[0.38788775 0.0909247 ]
0.9834408372570723
[0.38788775 0.0909247 ]
0.9834399360224299
0.9834411612159001
[0.38788775 0.0909247 ]
0.9834410549890763
0.9834412372735581
[0.38830486 0.09098291]
0.9834408542064442
0.983441264780785
[0.38801436 0.09097987]
0.9834411271801751
0.9834412579435842
[0.38801436 0.09097987]
0.9834412327530324
0.9834412645917512
[0.38801436 0.09097987]
0.9834412393389834
0.983441270864334
[0.38805592 0.09096516]
0.9834412613486541
0.983441272146951
[0.38809854 0.0909736 ]
0.983441272146951
Phase:  [2.80480253 1.64526793 1.64508516 1.64512513]
Final Fidelity:  0.983441272146951
Final Params:  [0.38809854 0.0909736 ]
