Optimizing ARP for b =  30.0
Optimizing Delta, T, and phases
0.9568824075487437
0.9506139297768357
0.9473678388726081
0.9492046165190793
0.9516685434386927
[0.35591347 0.16139696]
0.9568682395470316
[0.35591347 0.16139696]
0.9622733883484661
0.9667300939584628
[0.32254658 0.16341443]
0.9638798423310806
[0.32254658 0.16341443]
0.9715978639420434
0.9721952536107652
[0.26248618 0.17350174]
0.9722594581219762
0.9580859863819208
[0.25803726 0.16946681]
0.9433292652573976
0.9727191659594249
[0.29140415 0.16744935]
0.9729475492056872
0.9693101653170746
[0.28695523 0.16341443]
0.9666711555833487
0.9739455808431808
[0.27360848 0.16744935]
0.9739473865975264
0.9737446742428941
[0.26915956 0.16341443]
0.972426191925495
0.9737843727257932
[0.26915956 0.16341443]
0.9736546485177665
0.9740021773494338
[0.27527682 0.16492752]
0.9733667875544881
0.9740610609231732
[0.27291333 0.16581016]
0.973853163448296
0.9740265738521189
[0.27291333 0.16581016]
0.9740443112293422
[0.27291333 0.16581016]
0.9739813895206741
0.9740598020379121
[0.27291333 0.16581016]
0.9740371717262688
0.9740611672688483
[0.27069974 0.16533141]
0.9740466901816871
0.9740651203668438
[0.27158224 0.16526886]
0.9740479802834043
0.9740651944506258
[0.27202716 0.16555515]
0.9740635143396883
0.9740654945768185
[0.27235719 0.1654523 ]
0.9740625610604339
0.9740658134377924
[0.27188721 0.16538629]
0.9740645935519691
0.9740657190529255
[0.27188721 0.16538629]
0.9740653262777594
0.974065774004772
[0.27188721 0.16538629]
0.9740656349891411
0.9740658244101266
[0.27205141 0.16545131]
0.97406572389618
0.9740658399571603
[0.27206919 0.16543166]
0.9740656382749783
0.9740658524976497
[0.27197375 0.16541389]
0.9740658524976497
Phase:  [-0.04166967  0.16645802  0.1668148   0.16670726]
Final Fidelity:  0.9740658524976497
Final Params:  [0.27197375 0.16541389]
