Optimizing ARP for b =  90.0
Optimizing Delta, T, and phases
0.8948797399553176
0.8994064268581256
0.8903563854290185
0.9021144140208175
0.9050219505739037
[0.82892079 0.25297675]
0.9058497737732132
0.9060562775368607
[0.91566832 0.23892249]
0.9048196148888892
0.9061796567976752
[0.90362005 0.22838179]
0.90328845429164
0.9063382117564449
[0.86928249 0.24331444]
0.9067146275618103
0.9068406843637278
[0.82801717 0.22969937]
0.9047001306581408
0.9065878184640106
[0.82801717 0.22969937]
0.9072115842001229
0.9075998495410424
[0.81766319 0.2065867 ]
0.9080968783389154
0.9089538040025078
[0.71625067 0.18954041]
0.91000143705479
0.9117790026595571
[0.64483645 0.13479192]
0.9348654889742768
0.9423532791631813
[0.40630428 0.0733251 ]
0.5230332148290007
0.9127989324326901
[0.40630428 0.0733251 ]
0.9785512431982389
0.8699445779439018
[0.38237836 0.08533265]
0.28648377503048894
0.9487520592461479
[0.38237836 0.08533265]
0.9524732016525224
[0.38237836 0.08533265]
0.9755497433601367
[0.38237836 0.08533265]
0.7842382496344654
0.9821571806270885
[0.42705769 0.10820406]
0.9835010502986996
0.9806830053266723
[0.45098362 0.09619652]
0.9493014939982363
0.9833701813339664
[0.45098362 0.09619652]
0.9800158976104613
0.9833025245514153
[0.45098362 0.09619652]
0.9827025706076725
0.9832400182924836
0.9835492864258754
0.9834543540649039
[0.43084156 0.09498149]
0.9834891657285331
0.983627494532689
[0.44138557 0.09393619]
0.9837511000214542
0.9838615939282725
[0.40637347 0.09098348]
0.9836616210337483
[0.40637347 0.09098348]
0.9820403998614229
0.9837510280253245
[0.40637347 0.09098348]
0.9836240650903436
0.9837767721275097
[0.40637347 0.09098348]
0.9838528221908277
[0.40637347 0.09098348]
0.9836860776661434
0.9838476136680707
[0.40637347 0.09098348]
0.9838328413191965
0.9838675999920931
[0.4052624  0.09039103]
0.983817211753809
0.9838735101153087
[0.40117843 0.09011841]
0.9838601818811701
0.9838704035091825
[0.40117843 0.09011841]
0.9838726635869498
[0.40117843 0.09011841]
0.9838615854708038
0.9838735631988968
[0.40287132 0.09042577]
0.9838710028620581
0.9838739636422211
[0.40136893 0.09030928]
0.9838710342244779
0.9838741521933299
[0.40164928 0.09024297]
0.9838729359472341
0.9838740606993052
[0.40164928 0.09024297]
0.9838738197916718
0.9838741448456009
[0.40164928 0.09024297]
0.9838739611876908
0.9838741678476488
[0.40191851 0.09031199]
0.983874097968766
0.9838741861942665
[0.40171411 0.0902903 ]
0.98387401378348
0.9838741901417494
[0.40173279 0.09027206]
0.9838741671879645
0.983874185556125
[0.40173279 0.09027206]
0.9838741901417494
Phase:  [2.53747914 1.50569669 1.5059728  1.50584839]
Final Fidelity:  0.9838741901417494
Final Params:  [0.40173279 0.09027206]
