Optimizing ARP for b =  170.0
Optimizing Delta, T, and phases
0.6039732054927209
0.6209693683936925
0.7195273608761041
0.7097125630962835
[0.33063686 0.25090547]
0.7300905758012204
0.7279971605803874
[0.33063686 0.26285335]
0.7406323779286157
0.7423289121323866
[0.29757317 0.26882729]
0.7326728138978138
[0.29757317 0.26882729]
0.7696086371637665
0.8811952223009056
[0.2314458  0.29869699]
0.8424443711296938
[0.2314458  0.29869699]
0.9780358980335574
0.914246206436669
[0.16531843 0.31661881]
0.9753863720336858
[0.16531843 0.31661881]
0.9186561274056838
0.9684756639818733
[0.16531843 0.31661881]
0.9557629065058298
0.976714273153366
[0.16531843 0.31661881]
0.9793142079960211
0.9687518530487991
[0.14878659 0.31661881]
0.9793969629156118
0.9735195421519908
[0.16531843 0.30467093]
0.9723133735457016
0.9801114294419518
[0.16118547 0.31363184]
0.9782679503933273
0.9798950588951574
[0.16118547 0.31363184]
0.9773734956480761
0.9798287234057124
[0.16118547 0.31363184]
0.9792178099471153
0.9801021681318548
[0.16118547 0.31363184]
0.9800525351448293
0.9802211078161628
[0.1630905  0.31211502]
0.9794175836284503
0.9802541524590201
[0.16120968 0.31199251]
0.9802194883351986
0.9802574725778005
[0.16263241 0.31126472]
0.980153622891461
0.9802574505992935
[0.16263241 0.31126472]
0.9802434896717839
0.980261260602814
[0.16188939 0.31178039]
0.9802374505832636
0.9802623380679194
[0.16238334 0.31169719]
0.9802567258459864
0.9802612119195172
[0.16238334 0.31169719]
0.9802610123469759
0.9802621543382786
[0.16238334 0.31169719]
0.9802609579715094
0.9802622517787477
[0.16238334 0.31169719]
0.9802621718769243
0.9802624707526578
[0.16223653 0.31175242]
0.9802609832280565
0.9802625506198481
[0.16220778 0.31172218]
0.9802623133341934
0.9802624929181865
[0.16220778 0.31172218]
0.9802625506198481
Phase:  [0.00921901 0.21277713 0.21296549 0.21300145]
Final Fidelity:  0.9802625506198481
Final Params:  [0.16220778 0.31172218]
