Optimizing ARP for b =  200.0
Optimizing Delta, T, and phases
0.9067543837674802
0.9082756612064323
0.9039221115360483
0.9098087366850678
0.91075188826007
[0.70208481 0.16085605]
0.9102004897015696
[0.70208481 0.16085605]
0.90921236656002
0.9102029751796609
[0.70208481 0.16085605]
0.9111481174095564
0.9117061404619959
[0.68575726 0.14745138]
0.9114274837320123
[0.68575726 0.14745138]
0.9132688495247847
0.9157184810490898
[0.60411949 0.13404671]
0.9157583433120364
0.9194567468823082
[0.62861082 0.10947148]
0.9723608336482303
0.9679063277258122
[0.54697305 0.09606681]
0.9824058156378503
0.9259506009194771
[0.57146438 0.07149158]
0.9802446221403543
[0.57146438 0.07149158]
0.899014710798901
0.9772896747900232
[0.57146438 0.07149158]
0.9321313866203259
0.9803897209575424
[0.57146438 0.07149158]
0.9533189251554783
0.9800357845141551
0.9816896677659295
0.980758131844801
[0.57146438 0.07149158]
0.9666486247411623
0.9794942732200673
0.9821169165773119
0.9799239522085729
[0.57146438 0.07149158]
0.9810012537637923
0.982722251268433
[0.57478092 0.07337661]
0.9824970627416394
[0.57478092 0.07337661]
0.9806299263347743
0.9827084806341991
[0.57478092 0.07337661]
0.9826359784320964
0.9827352912159211
[0.57066714 0.07275699]
0.9827729831726191
0.9826996172605615
[0.57002934 0.07376932]
0.9827603817043209
[0.57002934 0.07376932]
0.9828215750372643
0.9827510982376189
[0.56527777 0.07416204]
0.9824715229703329
0.9828179508905716
[0.56527777 0.07416204]
0.982856276750998
0.9828533621364713
[0.56203299 0.07395041]
0.9828684407687512
0.982865050094153
[0.5605262  0.07455475]
0.9828937202010783
0.9828844168245876
[0.55728142 0.07434312]
0.9829139281973454
0.9829116118729457
[0.55577462 0.07494747]
0.9829306967117212
0.9829156403627932
[0.55252984 0.07473584]
0.9829583209922634
0.9829567943576508
[0.55102305 0.07534018]
0.9829675513322281
0.9829473816333347
[0.54777827 0.07512855]
0.9830018427364948
0.9830007561884786
[0.54627148 0.0757329 ]
0.9830045592329478
0.982979906414756
[0.5430267  0.07552127]
0.9830446656409302
0.9830436131461744
[0.5415199  0.07612561]
0.983041928562701
[0.5415199  0.07612561]
0.9830869044726624
0.9830854405107201
[0.53676833 0.07651833]
0.9829682724439982
0.9830683283907076
[0.53676833 0.07651833]
0.9831089233388861
0.9831278181327388
[0.53017712 0.07670323]
0.9831637509898052
0.983208804274228
[0.52299893 0.07759639]
0.983234063608092
0.9832669881968187
[0.50622741 0.07841277]
0.9833983271982133
0.9835306765485888
[0.48348529 0.08060727]
0.9835142932551596
[0.48348529 0.08060727]
0.9837929790159138
0.9839129868558474
[0.41284375 0.08622084]
0.9839437415195252
0.9840872228128941
[0.41106602 0.08739486]
0.9772578064457312
0.9838077278013907
[0.41106602 0.08739486]
0.9830593800911773
0.9839391117921751
[0.41106602 0.08739486]
0.9838886026254331
0.9839967551918535
[0.41106602 0.08739486]
0.9839999811357848
[0.41106602 0.08739486]
0.9838924496677938
0.9840509186068211
[0.41106602 0.08739486]
0.9839922381066226
0.9840649436825483
[0.41106602 0.08739486]
0.9841043712444552
0.9841051063171212
[0.4019969  0.08865512]
0.9841367102311918
0.9841445142442908
[0.41090535 0.08842273]
0.9841131047359719
[0.41090535 0.08842273]
0.9841786535442536
0.9841728217303237
[0.41074468 0.0894506 ]
0.9840287189333675
0.9841661283831609
[0.41074468 0.0894506 ]
0.9841268043462678
0.9841658761955959
[0.41074468 0.0894506 ]
0.9841658231284767
0.9841728795061927
[0.41074468 0.0894506 ]
0.9841646082311027
0.9841740627680863
[0.41074468 0.0894506 ]
0.9841795655856594
0.9841786006331972
[0.40974898 0.08961253]
0.9841802377561911
0.9841771057426751
[0.41235978 0.08976036]
0.9841800037977706
[0.41235978 0.08976036]
0.984178224036811
0.9841807423527404
[0.41080545 0.08972693]
0.9841790081064055
0.9841807978847699
[0.41147335 0.08983297]
0.9841788955898857
0.9841808577120146
[0.41174959 0.08977016]
0.9841805067925123
0.9841808973645951
[0.41120846 0.08976425]
0.9841807489878951
0.984180901218515
[0.41147619 0.08980009]
0.9841806437787641
0.9841809213842254
[0.41154596 0.08977616]
0.9841808641233178
0.9841809186460406
[0.41154596 0.08977616]
0.9841809187985626
[0.41154596 0.08977616]
0.9841808749755038
0.9841809294127317
[0.41142376 0.0897702 ]
0.9841809165865897
0.9841809270373719
[0.41142376 0.0897702 ]
0.9841809246244532
0.984180928165544
[0.41142376 0.0897702 ]
0.9841809294127317
Phase:  [2.32473019 1.40304295 1.4033539  1.40321771]
Final Fidelity:  0.9841809294127317
Final Params:  [0.41142376 0.0897702 ]
