Optimizing ARP for b =  10.0
Optimizing Delta, T, and phases
0.8082979783369296
0.8371828377731387
0.8216333975480771
0.8394341497339488
0.8015943166854111
[24.15   0.567]
0.8671927698760564
0.8319805847875553
[25.3   0.54]
0.8527931129304145
[25.3   0.54]
0.8966993506895046
0.8615629689521843
[26.45  0.54]
0.7426994082472659
0.8917834047028586
[26.45  0.54]
0.9110471184183638
0.8959451911906051
[26.7375  0.5535]
0.9236737248372254
0.9239334322341589
[28.60625  0.53325]
0.947568416398444
0.9424932105782922
[28.89375  0.54675]
0.9386058757963038
[28.89375  0.54675]
0.97009780162684
0.9596400788515291
[31.05  0.54]
0.8942764878148327
0.9621266167087165
[31.05  0.54]
0.971768468569653
0.9564509348182173
[32.5234375  0.5281875]
0.9797030831344621
0.9762668157280061
[33.20625  0.53325]
0.9695386447616396
0.976557294658251
[33.20625  0.53325]
0.9676305539014086
0.9775465121005016
[33.20625  0.53325]
0.9803690465875653
0.979175516617648
[33.80146484  0.52913672]
0.9790093403520117
0.9802958531548318
[33.80146484  0.52913672]
0.9798903239834825
0.980521447168134
[34.23257446  0.52860278]
0.978418101836139
0.9806868596286943
[33.99824371  0.53001837]
0.9803192243474657
0.9805931486649078
[33.99824371  0.53001837]
0.9806582393521093
[33.99824371  0.53001837]
0.9804232838178952
0.980687626979908
[33.90980597  0.52977623]
0.9806290590346831
0.9806950507978126
[33.83906553  0.53026827]
0.9806357256254256
0.9807017034452049
[33.93633973  0.53002031]
0.9806665593119919
0.9807031307657709
[33.8987543   0.52996026]
0.9806976957897213
0.9807010036490937
[33.8987543   0.52996026]
0.9807021203823256
[33.8987543   0.52996026]
0.9806913014189892
0.9807031385873629
[33.91243501  0.53003254]
0.9807001066631226
0.9807018709610081
0.9807023403195804
0.9807018676225352
[33.91243501  0.53003254]
0.9807020037436033
0.9807021851859349
[33.91243501  0.53003254]
0.9807033308990835
0.9807018676225352
[33.90219273  0.53004769]
0.9807021253170287
0.9807038448519645
[33.90645426  0.53001825]
0.9807026512877247
0.9807055904898572
[33.90837925  0.53003275]
0.980703434466614
0.9807036180860863
[33.90837925  0.53003275]
0.9807023686182806
0.980706693080904
[33.90872276  0.53001996]
0.9807026097575978
0.9806999753112053
0.9807057725672843
0.9807004692596348
[33.90872276  0.53001996]
0.9807027181163582
0.9807038197108924
[33.90872276  0.53001996]
0.9807028138628363
0.9807051354344155
[33.90872276  0.53001996]
0.98070327440772
0.9807053603441506
[33.90872276  0.53001996]
0.9807025535534623
0.9807061728700109
[33.90872276  0.53001996]
0.9807071785919452
0.980702451329622
[33.90887416  0.53001701]
0.9807033716794454
0.9807066509345552
[33.90887416  0.53001701]
0.9807027987445125
0.9807067569989174
[33.90887416  0.53001701]
0.9807064320214526
0.9807065540563881
0.9807062004071624
0.9807064396852253
[33.90887416  0.53001701]
0.9807071785919452
Phase:  [0.62043491 0.62054773 0.62062826 0.62080834 0.62071596]
Final Fidelity:  0.9807071785919452
Final Params:  [33.90887416  0.53001701]
