Optimizing ARP for b =  10.0
Optimizing Delta, T, and phases
0.9046197478847815
0.9148740045994067
0.9052231826204975
0.915893966735634
0.9207102618780211
[24.725   0.5805]
0.9288141801826162
0.9380455210328125
[27.3125   0.54675]
0.9398996487792186
0.9364876822487928
[27.8875   0.58725]
0.9586105183082925
0.9667211166694648
[33.35  0.54]
0.9581228374929023
[33.35  0.54]
0.9706830389455593
0.9536088812249556
[39.3875   0.53325]
0.9632141530349885
0.9658380174473374
[39.3875   0.53325]
0.9701021495410986
[39.3875   0.53325]
0.9642663654401298
0.9718049673758319
[35.30859375  0.54295313]
0.9666013838961536
0.9725390959084799
[36.24746094  0.54833203]
0.9656668620176013
0.9725293943517794
[36.24746094  0.54833203]
0.9714720070454295
0.9726037551571194
[36.11185303  0.54342114]
0.9713716051995455
0.972784424438967
[36.88121033  0.54266144]
0.9722380345264331
0.9727363663603658
[36.88121033  0.54266144]
0.9726792902031747
0.9727713214700601
[36.88121033  0.54266144]
0.9726774711648866
0.9727858996519586
[36.62729535  0.54464632]
0.9727634646068324
0.9727932875382659
[36.81911565  0.54410219]
0.9727288905880187
0.9727969019011093
[36.80220791  0.54351785]
0.9727825503223869
0.972794401351484
[36.80220791  0.54351785]
0.9727954504431267
[36.80220791  0.54351785]
0.9727886299983239
0.9727969801661728
[36.73555897  0.5439045 ]
0.9727948478574924
0.9727968827691036
[36.73555897  0.5439045 ]
0.9727969831218132
0.972794849301471
[36.80228975  0.54374485]
0.9727953240820498
0.9727982359146405
[36.78556614  0.54367126]
0.9727969746036098
0.9727987442052004
[36.76474346  0.54380628]
0.9727985157420809
[36.76474346  0.54380628]
0.9727984762857103
0.9727974065178946
0.9727974335301857
0.9727975680458293
[36.76474346  0.54380628]
0.972797378573373
0.9727983610230637
[36.76474346  0.54380628]
0.9727963514937711
0.9727972960093642
0.9727965918170774
0.9727971883510083
[36.76474346  0.54380628]
0.9727973067618426
[36.76474346  0.54380628]
0.9727970671483078
0.9727975192105331
[36.76474346  0.54380628]
0.9727971151373199
0.9727973664060544
[36.76474346  0.54380628]
0.9727974775874307
0.9727973592206616
0.9727973994626166
0.9727972679047381
[36.76474346  0.54380628]
0.9727992563349506
0.9727974943036597
[36.76478285  0.54380247]
0.972797353041795
0.9727975329369255
[36.76478285  0.54380247]
0.9727977051987947
0.9727975884872275
0.9727989078144761
0.9727976484740856
[36.76478285  0.54380247]
0.9727974594710329
0.9727975125522462
0.9727989607899835
0.9727982871733848
[36.76478285  0.54380247]
0.9727975005389629
0.9727987646978977
[36.76478285  0.54380247]
0.9727974007930532
0.9727989139099672
[36.76478285  0.54380247]
0.9727992563349506
Phase:  [ 0.27499613 -0.29860239 -0.29874787 -0.2986775 ]
Final Fidelity:  0.9727992563349506
Final Params:  [36.76478285  0.54380247]
