Optimizing ARP for b =  10.0
Optimizing Delta, T, and phases
0.9648075051381099
0.9633474964626116
0.9657513613305546
0.9673870732536414
0.9696754713968659
[0.486 0.215]
0.9707302029311274
0.9740785240758236
[0.459  0.2375]
0.9791293856590947
0.9872450186424455
[0.3375  0.25875]
0.9921567620876519
0.998787286829411
[0.22275  0.314375]
0.9238621356076246
0.9846297682191939
[0.22275  0.314375]
0.9964416588758953
[0.22275  0.314375]
0.9051556053811128
0.9956019104650672
[0.22275  0.314375]
0.974855915131207
0.9978094469835074
[0.22275  0.314375]
0.9968060513790379
0.9978602827652897
[0.22275  0.314375]
0.9987474222117252
[0.22275  0.314375]
0.9970221392756731
0.9985495918374893
[0.22275  0.314375]
0.9983052294689758
0.9987590342147028
[0.22275  0.314375]
0.9983883523105597
0.9988079708254969
[0.23157806 0.31698898]
0.9987548233016145
0.998805620894485
[0.23157806 0.31698898]
0.9987269977858627
0.9988186059102414
[0.22695649 0.31514266]
0.9988113462333866
[0.22695649 0.31514266]
0.9988069389437091
0.9988184083902938
[0.22695649 0.31514266]
0.998806429315259
0.9988203501088655
[0.22800115 0.31658695]
0.9988156577699447
0.9988220151835399
[0.22847682 0.31623498]
0.9988047735848806
0.9988228748687691
[0.22759774 0.31577681]
0.9988209315977755
0.9988224684867303
[0.22759774 0.31577681]
0.9988198740424427
0.9988227854642717
[0.22759774 0.31577681]
0.9988229642526758
0.9988225136434581
[0.22769408 0.31605198]
0.998822880879822
[0.22769408 0.31605198]
0.9988227371877085
0.9988230162235463
[0.22750742 0.31586096]
0.9988227797409295
0.9988230243767716
[0.22737044 0.31589736]
0.9988226312793961
0.9988230506762779
[0.2275665  0.31596557]
0.9988230127049352
0.9988230398206168
[0.2275665  0.31596557]
0.9988230399713645
[0.2275665  0.31596557]
0.9988229751910007
0.9988230567464242
[0.2275566 0.3159306]
0.9988230468123154
0.998823054095146
[0.2275566 0.3159306]
0.9988230567464242
Phase:  [ 1.55788356 -1.45144714 -1.45153465]
Final Fidelity:  0.9988230567464242
Final Params:  [0.2275566 0.3159306]
