Optimizing ARP for b =  90.0
Optimizing Delta, T, and phases
0.9913551590962326
0.9919127948613797
0.9907924831414896
0.9924407847290359
0.9931910535874284
[0.5423375 0.1999998]
0.9936326680618404
0.9945353848180588
[0.59909375 0.1888887 ]
0.995415557070459
0.996477848329992
[0.65269687 0.13888875]
0.9969893331075846
0.9976325836044387
[0.79301094 0.09166657]
0.9873729475816349
0.9962380399253628
[0.79301094 0.09166657]
0.9976806404893487
0.9873729475816349
[0.78473398 0.07847214]
0.9775237513407631
0.9972604172470332
[0.78473398 0.07847214]
0.9971249353015488
0.9975062221758246
[0.78473398 0.07847214]
0.9977226310664519
0.9971249350658432
[0.82291636 0.07161451]
0.9967323454952115
0.9976682580277723
[0.82291636 0.07161451]
0.9972279925416416
0.9977066022068972
[0.82291636 0.07161451]
0.9977860983594601
0.9977808786924052
[0.83930399 0.07234151]
0.9974810275212399
0.9977596814916097
[0.83930399 0.07234151]
0.9977836684237777
[0.83930399 0.07234151]
0.9978242558602974
0.9978482645048167
[0.87547947 0.07180847]
0.9977764913774079
0.9978097022789866
[0.87547947 0.07180847]
0.9978589587166594
0.9978783335399444
[0.90203268 0.0743226 ]
0.9979131710578268
0.9979473937688063
[0.97637298 0.07080605]
0.9979549646177827
0.9979828897845374
[1.06664954 0.07407605]
0.9980162543096607
0.9980451700381565
[1.26046842 0.06867794]
0.9980545628786552
0.9980723210651888
[1.53793098 0.07251888]
0.9980851674669137
0.9980940903550688
[2.06430002 0.06364313]
0.9980966994771666
0.9981001621525931
[2.88240965 0.06688714]
0.9981023136305143
0.99810384775476
[4.34420255 0.05075765]
0.9981042841721819
0.9981049035408425
[6.71131826 0.04918092]
0.998105303288568
0.9981055433887062
[10.81846191  0.01613357]
0.9981055804639372
0.9981056386862908
[ 1.76062652e+01 -3.54357156e-03]
0.9981056387083126
0.9981056390061748
[29.21445411 -0.07947684]
0.9981056386057671
0.9981056387413405
[29.21445411 -0.07947684]
0.9981056385752315
0.9981056384530037
0.9981056385323698
0.9981056389070343
[29.21445411 -0.07947684]
0.9981056389242464
[29.21445411 -0.07947684]
0.9981056391142511
0.9981056380238544
[28.96852691 -0.08404921]
0.9981056388674078
0.9981056388644921
0.998105638970881
0.9981056381800939
[28.96852691 -0.08404921]
0.9981056385687511
0.9981056382593746
0.9981056386456262
0.9981056385471054
[28.96852691 -0.08404921]
0.9981056385164789
0.9981056390700523
[28.96852691 -0.08404921]
0.9981056385446907
0.9981056387160804
[28.96852691 -0.08404921]
0.9981056388869822
0.9981056391266399
[28.50931811 -0.08119024]
0.9981056382332643
0.9981056385614878
0.9981056389334012
0.9981056380864114
[28.50931811 -0.08119024]
0.9981056387680165
0.9981056381870831
0.9981056387449153
0.998105638899021
[28.50931811 -0.08119024]
0.9981056380897368
0.9981056377862242
0.9981056393669671
0.9981056391547253
[28.47795154 -0.08091866]
0.9981056384167131
0.9981056381317162
0.9981056379634201
0.9981056389974223
[28.47795154 -0.08091866]
0.9981056390916556
[28.47795154 -0.08091866]
0.998105638963284
0.998105638418382
0.9981056391559248
0.9981056394051903
[28.48579318 -0.08098655]
0.998105638546673
0.998105638878308
0.9981056385445068
0.9981056387629433
[28.48579318 -0.08098655]
0.998105638418382
0.9981056386626604
[28.48579318 -0.08098655]
0.9981056389468321
[28.48579318 -0.08098655]
0.9981056385452023
0.9981056385597676
0.9981056390185071
0.9981056383235107
[28.48579318 -0.08098655]
0.9981056387420332
0.9981056388640863
[28.48579318 -0.08098655]
0.998105639136245
[28.48579318 -0.08098655]
0.9981056389927178
0.9981056387210326
0.9981056389289121
0.9981056385680507
[28.48579318 -0.08098655]
0.998105638709512
0.9981056383099612
0.9981056388576468
0.9981056390520825
[28.48579318 -0.08098655]
0.9981056383848662
0.9981056389853271
[28.48579318 -0.08098655]
0.9981056386826304
0.9981056386855126
0.998105638186815
0.9981056384679042
[28.48579318 -0.08098655]
0.9981056392570811
[28.48579318 -0.08098655]
0.9981056387395896
0.9981056392306543
[28.48579318 -0.08098655]
0.9981056387753586
0.9981056392356706
[28.48579318 -0.08098655]
0.9981056384937695
0.9981056378876536
0.9981056382650905
0.9981056386152727
[28.48579318 -0.08098655]
0.9981056394051903
Phase:  [ 7.48255143e-05  6.63542853e-05  2.18077154e-04  4.10391344e-05
 -1.84768808e-04]
Final Fidelity:  0.9981056394051903
Final Params:  [28.48579318 -0.08098655]
