Optimizing ARP for b =  150.0
Optimizing Delta, T, and phases
0.9907119125302458
0.9912508982787406
0.9901455231603637
0.9918099519421661
0.9926042321586133
[0.5423375 0.1999998]
0.9930638060711956
0.9940435417100835
[0.59909375 0.1888887 ]
0.9950303439634149
0.9962306043585434
[0.65269687 0.13888875]
0.9968097409189604
0.997558455181652
[0.79301094 0.09166657]
0.9869744859442753
0.9959511629794155
[0.79301094 0.09166657]
0.9976176333775867
0.9869744859442753
[0.78473398 0.07847214]
0.97850642314312
0.9971256673174466
[0.78473398 0.07847214]
0.9970566335452233
0.997410691327651
[0.78473398 0.07847214]
0.9976814525128133
0.9970566332092586
[0.82291636 0.07161451]
0.9966447893830309
0.9976077014918003
[0.82291636 0.07161451]
0.9972056316109391
0.9976476812145123
[0.82291636 0.07161451]
0.9977432707062509
0.9977501753335646
[0.86658899 0.06927619]
0.9974228498563131
0.9977213073438159
[0.86658899 0.06927619]
0.9977982732678627
0.9978298424606818
[0.88845648 0.07291863]
0.9978581837104457
0.9978858047547523
[0.98669391 0.06364774]
0.9979459790382706
0.9979868522431798
[1.07954761 0.06629717]
0.9980126146096926
0.9980550669922631
[1.32244933 0.0490801 ]
0.9980702136101487
0.9980877378647455
[1.62960759 0.04577043]
0.998062945825722
[1.62960759 0.04577043]
0.9980833448057163
[1.62960759 0.04577043]
0.9980963004823545
0.9980950454875153
[1.93676585 0.04246076]
0.998060846133664
0.9980965167343872
[1.98142714 0.03467964]
0.9981006618772906
0.9981022271008119
[2.61807431 0.02416974]
0.9979674431470998
0.9980992586773788
[2.61807431 0.02416974]
0.9981031415088276
0.9981037944579285
[3.1416446  0.02080942]
0.9973699450396387
0.9981020447329344
[3.1416446  0.02080942]
0.9980859815020131
0.9981029261987256
[3.1416446  0.02080942]
0.998104095328168
0.9981044144360447
[3.51050704 0.02165394]
0.9981046555771186
0.9981034733900201
[3.96269248 0.0166105 ]
0.998104977662148
0.9981051742167962
[4.92651007 0.01577782]
0.998104888351021
[4.92651007 0.01577782]
0.9981053789152574
0.9981054914918636
[7.53242341e+00 6.54729252e-03]
0.9981054677085214
[7.53242341e+00 6.54729252e-03]
0.9950423448150482
0.9981053924212931
[7.53242341e+00 6.54729252e-03]
0.9981054756384512
[7.53242341e+00 6.54729252e-03]
0.994008317097916
0.9981055043650712
[7.54728509 0.00886085]
0.9981054179872066
0.9981055032542203
[7.54728509 0.00886085]
0.9981055277839457
0.9981055270304389
[8.0329093 0.0090229]
0.9981054948471079
0.9981055113608618
[8.0329093 0.0090229]
0.9981055400090928
0.9981055533650942
[8.81090239e+00 7.55106361e-03]
0.9981055534179508
0.9981055623742379
[9.45757272e+00 9.20972665e-03]
0.9981055799180022
0.9981055943897658
[1.13368941e+01 7.09538951e-03]
0.9981055938760298
[1.13368941e+01 7.09538951e-03]
0.9981056123240347
0.9981056209013192
[1.60655422e+01 5.35470980e-03]
0.9981056172868172
[1.60655422e+01 5.35470980e-03]
0.9980998132830989
0.9981056105961845
[1.60655422e+01 5.35470980e-03]
0.9981056217588118
0.998099813791733
[1.79448636e+01 3.24037266e-03]
0.9981056263162377
0.9981056279622313
[2.01778649e+01 5.50053018e-03]
0.998105630499548
0.9981056297339012
[2.20571863e+01 3.38619304e-03]
0.9981056321877994
0.9981056330105725
[2.74628496e+01 6.84933951e-03]
0.9981056347782573
0.9981056360235553
[3.39243240e+01 4.35223847e-03]
0.9981056351450446
[3.39243240e+01 4.35223847e-03]
0.9981056362322249
0.9981056377569856
[5.49557677e+01 4.55275608e-03]
0.9981056327670085
0.9981056362506829
[5.49557677e+01 4.55275608e-03]
0.9981056364698682
[5.49557677e+01 4.55275608e-03]
0.9981056383066439
0.9981056381780588
[7.59872114e+01 4.75327370e-03]
0.9981056385277284
0.9981056381837072
[6.80265188e+01 2.97157106e-03]
0.9981056386067327
0.9981056385773817
[8.90579625e+01 3.17208867e-03]
0.9981056380434168
0.9981056384073514
[8.90579625e+01 3.17208867e-03]
0.9981056383171926
0.9981056388526488
[7.79034833e+01 3.49219082e-03]
0.9981056381951261
0.9981056382804665
0.9981056378578503
0.9981056370425618
[7.79034833e+01 3.49219082e-03]
0.9981056384096599
[7.79034833e+01 3.49219082e-03]
0.998105638400215
0.998105638112226
0.9981056384107095
0.9981056387054064
[7.79034833e+01 3.49219082e-03]
