Optimizing ARP for b =  30.0
Optimizing Delta, T, and phases
0.9937593253956809
0.994216547715951
0.9933499331892172
0.9945720223195323
0.9950872351210437
[0.5423375 0.1999998]
0.9954082416647653
0.996000670594892
[0.59909375 0.1888887 ]
0.9965323454410197
0.9971665352999262
[0.65269687 0.13888875]
0.9974721619832689
0.997820730730434
[0.79301094 0.09166657]
0.9890664454075552
0.997036053406259
[0.79301094 0.09166657]
0.9978527992368251
0.9890664454075552
[0.78473398 0.07847214]
0.973899683049003
0.9976197780418053
[0.78473398 0.07847214]
0.9973145305481659
0.9977581303127134
[0.78473398 0.07847214]
0.9977977139144566
0.9978802175362239
[0.80589441 0.07834194]
0.9970122327590576
0.997817036334676
0.9978671352447661
0.997826369769039
[0.80589441 0.07834194]
0.997716260378308
0.9978463924569471
[0.80589441 0.07834194]
0.9978561489891038
0.9978754679704351
[0.80589441 0.07834194]
0.9978897624707285
0.997896528033896
[0.81955154 0.07577439]
0.997904266182703
0.9979143920248652
[0.8363845 0.0777404]
0.9979296363818505
0.99794399491134
[0.87211523 0.07358832]
0.9979613974585724
0.9979816426277657
[0.92364652 0.07544429]
0.9980000169000607
0.9980211709686042
[1.02087363 0.06806812]
0.9980394651790016
0.9980584293371743
[1.17254976 0.06809198]
0.9980719859754663
0.9980856674428228
[1.44284205 0.05335156]
0.9980908395121423
0.9980970471689601
[1.88134046 0.04602908]
0.9981006369322551
0.9978009681846869
[2.15163275 0.03128866]
0.9981013389147948
0.9944465278742817
[2.59013117 0.02396617]
0.987939205036805
0.9981001059710081
[2.59013117 0.02396617]
0.9980351283583634
0.9981011607698815
[2.59013117 0.02396617]
0.9981030484699701
0.9981031156996854
[2.95467612 0.02171369]
0.9980886550631399
0.9981026115001645
[2.95467612 0.02171369]
0.99810354610802
0.998103708191821
[3.01742702 0.02593901]
0.9981043744204405
0.9981045533369278
[3.93725448 0.01641129]
0.998104743473497
0.9981049560946222
[4.52267001 0.02009808]
0.9981050620375348
0.98715059507746
[5.44249746 0.01057036]
0.9981053550921596
0.9981054495854783
[7.07324225 0.01318006]
0.9970444752641507
0.9981052464309533
[7.07324225 0.01318006]
0.9981053774910361
[7.07324225 0.01318006]
0.9981054930054392
0.9981055371780875
[10.36084559  0.01569134]
0.9981055701531877
0.9981055995644159
[1.21091023e+01 6.11439913e-03]
0.9981056117951775
0.9981056259317989
[1.95584374e+01 6.34847480e-03]
0.9981056390676927
0.9981056392593095
[ 2.67796184e+01 -1.26883621e-02]
0.9981056384926453
[ 2.67796184e+01 -1.26883621e-02]
0.9981056385083331
[ 2.67796184e+01 -1.26883621e-02]
0.998105638508063
0.9981056385682718
[ 2.67796184e+01 -1.26883621e-02]
0.9981056385437516
0.9981056391377855
[ 2.67796184e+01 -1.26883621e-02]
0.9973987872595881
0.9981056387139556
[ 2.67796184e+01 -1.26883621e-02]
0.9981056390932932
0.9981056386239158
0.9981056383830254
0.9981056387482539
[ 2.67796184e+01 -1.26883621e-02]
0.9981056390795291
[ 2.67796184e+01 -1.26883621e-02]
0.9981056389493642
0.9981056388874134
0.998105638844071
0.9981056379442066
[ 2.67796184e+01 -1.26883621e-02]
0.9981056389519616
[ 2.67796184e+01 -1.26883621e-02]
0.9981056389398771
0.9981056389976853
[ 2.67796184e+01 -1.26883621e-02]
0.9981056389877845
0.998105639005889
[ 2.67796184e+01 -1.26883621e-02]
0.9981056383593667
0.9981056384849069
0.998105638769692
0.998105638489791
[ 2.67796184e+01 -1.26883621e-02]
0.9981056389202398
[ 2.67796184e+01 -1.26883621e-02]
0.9981056383438716
0.9981056384553891
0.9981056387320679
0.9981056389287117
[ 2.67796184e+01 -1.26883621e-02]
0.998105639207703
[ 2.67796184e+01 -1.26883621e-02]
0.9981056387942339
0.998105638890087
0.9981056382571237
0.9981056386708334
[ 2.67796184e+01 -1.26883621e-02]
0.9981056383644353
0.9981056380540645
0.9981056383468889
0.9981056379771014
[ 2.67796184e+01 -1.26883621e-02]
0.9981056388138828
[ 2.67796184e+01 -1.26883621e-02]
0.9981056381639831
0.998105638057476
0.9981056383954978
0.9981056379501139
[ 2.67796184e+01 -1.26883621e-02]
0.9981056393006664
0.9981056386505852
[ 2.67883358e+01 -1.27198338e-02]
0.9981056390204631
0.9981056388266365
0.998105639061481
0.9981056386136968
[ 2.67883358e+01 -1.27198338e-02]
0.9981056385144818
0.9981056388844607
[ 2.67883358e+01 -1.27198338e-02]
0.9981056380669684
0.9981056390246368
[ 2.67883358e+01 -1.27198338e-02]
0.9981056381378287
0.9981056389874027
0.9981056395301592
0.9981056392199668
[ 2.67861564e+01 -1.27119659e-02]
0.9981056393026966
[ 2.67861564e+01 -1.27119659e-02]
0.9981056391341423
0.9981056386093232
0.9981056389516324
0.9981056389521017
[ 2.67861564e+01 -1.27119659e-02]
0.9981056387654021
0.9981056385960281
0.9981056384732859
0.9981056387703722
[ 2.67861564e+01 -1.27119659e-02]
0.9981056392434515
[ 2.67861564e+01 -1.27119659e-02]
0.9981056379503401
0.9981056389181031
[ 2.67861564e+01 -1.27119659e-02]
0.9981056392631693
[ 2.67861564e+01 -1.27119659e-02]
0.998105638252023
0.9981056384216159
0.9981056383430079
0.9981056388401034
[ 2.67861564e+01 -1.27119659e-02]
0.998105639105036
[ 2.67861564e+01 -1.27119659e-02]
0.9981056395301592
Phase:  [-8.41798539e-05 -1.96790326e-04  2.13633672e-05 -7.74339965e-05
 -7.90138174e-05]
Final Fidelity:  0.9981056395301592
Final Params:  [ 2.67861564e+01 -1.27119659e-02]
