ddfac=0.2
Optimizing SP for b =  10.0
Optimizing Delta, T, and phases
0 1.0
0 1.0
1 0.9999955807401756
1 0.9999961426706928
2 0.9999955807401756
2 0.9999961426706928
3 0.9999913168660349
3 0.9999924387498407
4 0.9999955807401756
4 0.9999961426706928
5 0.9999913168660349
5 0.9999924387498407
6 0.9999913168660349
6 0.9999924387498407
7 0.9999870019429508
7 0.9999886819030961
8 0.9999955807401756
8 0.9999961426706928
9 0.9999913168660349
9 0.9999924387498407
10 0.9999913168660349
10 0.9999924387498407
11 0.9999870019429508
11 0.9999886819030961
12 0.9999913168660349
12 0.9999924387498408
13 0.9999870019429508
13 0.9999886819030961
14 0.9999870019429508
14 0.9999886819030961
15 0.9999827072508543
15 0.9999849434213498
16 0.9999955807401756
16 0.9999961426706928
17 0.999991174969256
17 0.9999922901884761
18 0.999991174969256
18 0.9999922901884761
19 0.9999866294730887
19 0.999988296469119
20 0.999991174969256
20 0.9999922901884761
21 0.9999866294730887
21 0.999988296469119
22 0.9999866294730887
22 0.999988296469119
23 0.9999818464559347
23 0.9999840637749676
24 0.999991174969256
24 0.9999922901884761
25 0.9999866294730887
25 0.999988296469119
26 0.9999866294730887
26 0.999988296469119
27 0.9999818464559347
27 0.9999840637749676
28 0.9999866294730887
28 0.999988296469119
29 0.9999818464559347
29 0.9999840637749676
30 0.9999818464559347
30 0.9999840637749676
31 0.9999769024056141
31 0.9999796685887888
32 0.003541593585716397
32 0.999990389319859
0.9697935417712238
Final Fidelity:  0.9697935417712238
Leakage=0.9999903111958599 
