ddfac=0.25
Optimizing SP for b =  10.0
Optimizing Delta, T, and phases
0 1.0
0 1.0
1 0.9999955807401756
1 0.9999961426706928
2 0.9999955807401756
2 0.9999961426706928
3 0.9999913111848269
3 0.9999924326058472
4 0.9999955807401756
4 0.9999961426706928
5 0.9999913111848269
5 0.9999924326058472
6 0.9999913111848269
6 0.9999924326058472
7 0.9999869723388137
7 0.9999886509368116
8 0.9999955807401756
8 0.9999961426706928
9 0.9999913111848269
9 0.9999924326058472
10 0.9999913111848269
10 0.9999924326058472
11 0.9999869723388137
11 0.9999886509368116
12 0.9999913111848269
12 0.9999924326058472
13 0.9999869723388137
13 0.9999886509368116
14 0.9999869723388137
14 0.9999886509368116
15 0.9999826268087519
15 0.9999848603047731
16 0.9999955807401756
16 0.9999961426706928
17 0.999991174969256
17 0.9999922901884761
18 0.999991174969256
18 0.9999922901884761
19 0.9999866144682482
19 0.9999882810312848
20 0.999991174969256
20 0.9999922901884761
21 0.9999866144682482
21 0.9999882810312849
22 0.9999866144682482
22 0.9999882810312849
23 0.9999817838597566
23 0.9999839999041487
24 0.999991174969256
24 0.9999922901884761
25 0.9999866144682482
25 0.9999882810312849
26 0.9999866144682482
26 0.9999882810312849
27 0.9999817838597566
27 0.9999839999041487
28 0.9999866144682482
28 0.9999882810312849
29 0.9999817838597566
29 0.9999839999041487
30 0.9999817838597566
30 0.9999839999041487
31 0.9999767708662105
31 0.9999795345377991
32 0.003544334103049779
32 0.9999903647044888
0.9697936034566257
Final Fidelity:  0.9697936034566257
Leakage=0.9999902884497293 
