ddfac=0.3
Optimizing SP for b =  10.0
Optimizing Delta, T, and phases
0 1.0
0 1.0
1 0.9999955807401756
1 0.9999961426706928
2 0.9999955807401756
2 0.9999961426706928
3 0.9999913048801417
3 0.9999924258452139
4 0.9999955807401756
4 0.9999961426706928
5 0.9999913048801417
5 0.9999924258452139
6 0.9999913048801417
6 0.9999924258452139
7 0.9999869524448355
7 0.9999886297006527
8 0.9999955807401756
8 0.9999961426706928
9 0.9999913048801417
9 0.9999924258452139
10 0.9999913048801417
10 0.9999924258452139
11 0.9999869524448355
11 0.9999886297006527
12 0.9999913048801417
12 0.9999924258452139
13 0.9999869524448355
13 0.9999886297006527
14 0.9999869524448355
14 0.9999886297006527
15 0.9999825338152567
15 0.9999847646965614
16 0.9999955807401756
16 0.9999961426706928
17 0.999991174969256
17 0.9999922901884761
18 0.999991174969256
18 0.9999922901884761
19 0.9999865928754821
19 0.9999882590139872
20 0.999991174969256
20 0.9999922901884761
21 0.9999865928754821
21 0.9999882590139871
22 0.9999865928754821
22 0.9999882590139871
23 0.9999817207143318
23 0.9999839355065587
24 0.999991174969256
24 0.9999922901884761
25 0.9999865928754821
25 0.9999882590139871
26 0.9999865928754821
26 0.9999882590139871
27 0.9999817207143318
27 0.9999839355065587
28 0.9999865928754821
28 0.9999882590139871
29 0.9999817207143318
29 0.9999839355065587
30 0.9999817207143318
30 0.9999839355065587
31 0.9999766353872216
31 0.9999793966002302
32 0.003547030222317289
32 0.999990341434311
0.9697936630961549
Final Fidelity:  0.9697936630961549
Leakage=0.9999902650552279 
